image_name,knife,keyboard,elephant,bicycle,airplane,clock,oven,chair,bear,boat,cat,bottle,truck,car,bird,dog,correct
n01514859_3837,0.000735232507857,0.0002466932973872,0.0021119922074178,0.0006148208415047,0.0005324140194891,0.0005348614004636,0.0013064401398634,0.0005858107383132,0.0282670760043428,0.0004129835876271,0.0195932947018921,0.0009407562133166,0.0005277012756789,0.0002306359018956,0.9114609657880696,0.0318983213748806,1
n01514859_8222,1.0670336378132376e-05,1.063243117267148e-06,2.9677782967862783e-05,9.426763740202895e-06,5.445990805789775e-07,5.114381047350591e-07,1.6451060573106e-05,7.8125698787516e-05,0.0003288464708767,1.2661397381907627e-05,0.0019508472579429,2.5435061751717973e-05,2.9962778475144436e-06,8.302924577127405e-07,0.9941254546181958,0.0034064577007962,1
n01530575_3903,0.0693546594382139,0.0089442320724431,0.0130803236421371,0.04486116457109,0.0075344675603918,0.1630318484326674,0.0035637990171282,0.1465329813159345,0.006750446324165,0.0129403843320683,0.0156955045801896,0.1222858568713967,0.0050137628657588,0.0037641973914745,0.3427785938518201,0.0338677777331202,1
n01531178_2725,0.0014155726178587,0.0001184783258979,0.0013255228041706,7.567637221806869e-05,0.0001640573802098,0.0006400716695632,6.560727743072368e-05,0.0003363160055454,0.0025918604260366,0.001094191680911,0.0125067611085041,0.0009111769956879,0.0002572497330159,0.0001730667549127,0.9724020243455124,0.0059223665025242,1
n01537544_8859,0.0005070248352875,5.276672621332886e-05,0.0003776760141382,2.864175306102653e-05,0.0001176025368042,5.092236448217873e-05,2.217957910538703e-05,6.932604274095293e-05,0.0009159711587573,5.963559298573006e-05,0.000975271276947,0.0013331782728562,7.450483066295559e-05,1.519084850999861e-05,0.994871678938276,0.0005284292291716,1
n01558993_12968,0.000256005741867,2.2966035863038505e-05,7.598973036950018e-05,6.265839211882181e-05,7.694005188106857e-05,0.0001720451537478,4.015477276108494e-06,6.441088671699633e-05,0.0001304321141855,5.9544374095704546e-05,0.0004470554020406,0.0020556969561498,5.225924243900224e-06,8.53500413544048e-06,0.9948118346193898,0.0017466441359185,1
n01558993_14305,1.7365942356438528e-07,2.6002686508961608e-08,3.97685726593603e-08,4.948221549633541e-08,8.242656722512747e-07,1.3054263923393811e-08,3.3167608712164514e-08,3.284402739527203e-08,1.6857520895380982e-06,5.061499582360874e-08,5.303091509266935e-06,4.979714697271924e-07,5.2817512221477424e-08,2.8062499283221822e-09,0.9999894717268832,1.742974819897003e-06,1
n01558993_4297,0.0004639820944352,0.0011229026175212,0.001420833499187,0.0007406349893111,3.371653231681555e-05,0.0001786904098878,0.0001955102814436,0.0008652270716766,0.0869808936520675,0.0001134267627899,0.0351107233314623,0.0015556126811649,0.0002633714747053,8.2962801995857e-05,0.8368556961830587,0.0340158156169756,1
n01558993_6287,1.0603009388918553e-07,7.087269521637235e-08,7.941510468454173e-07,2.5503136059284904e-07,7.448884186435766e-07,2.0945602253911153e-07,1.3034407477212422e-08,1.5565674145537197e-07,1.340390133673297e-06,3.221461524701675e-07,2.9386605245463548e-06,9.810039037555615e-07,1.3887796457098762e-07,3.2895917323709005e-07,0.9999644945417988,2.7106299562341967e-05,1
n01582220_9857,0.0115025265889854,0.0027785908981355,0.016623401769722,0.0008530846187805,0.007023646031035,0.0006127626181516,0.0017382483676328,0.0026067310433095,0.057718545164605,0.0030190398973113,0.0128026599562162,0.0015804824559447,0.0009151554695589,0.0006359787904897,0.6621211276939327,0.2174680186361885,1
n01592084_2422,8.217867742939389e-06,1.309107012285052e-06,5.151816852193537e-07,1.134934045153852e-06,9.17008096091119e-06,9.957209060459845e-08,8.839418505691377e-08,4.620437538898591e-07,2.605934361719971e-06,3.0618595094814877e-06,1.870676909625846e-05,3.6027837905952866e-06,1.20767527559496e-07,7.975200743280763e-08,0.9999305666068868,2.0258345344039466e-05,1
n01592084_3955,0.491019826833481,0.0066058528990433,0.0005222349152049,0.0003175666325194,0.0059846924911223,0.1277481325793724,0.0009817272542436,0.0313978691410649,0.0098258348903113,0.0011397024819215,0.0215498360994214,0.1366702032792261,0.001457523778554,0.0007625318134866,0.1382976860061007,0.0257187789049258,0
n01601694_10499,7.248786278441542e-05,5.187916854386285e-06,0.0008301815364861,3.0318971904804946e-06,1.5547456676912552e-05,3.1052118164954173e-06,1.5119542485933245e-06,3.962074164536206e-06,0.0006537728678643,0.0009622593905352,2.011362668410996e-05,7.59529381398151e-05,1.0676869637564182e-05,4.479135826554294e-06,0.991487470831094,0.0058502584299965,1
n01601694_9470,1.6965706652664398e-07,7.05358507016015e-08,2.7519798230191652e-08,1.9389992063535458e-07,4.0365588139995574e-08,1.1486495777399489e-08,1.1449154671858995e-07,9.374831627949438e-08,6.595964313067034e-07,1.1767165088613405e-07,1.3840476542840005e-06,1.5346733733037095e-07,5.0807301210033446e-08,1.3577191864017337e-08,0.9999955843190402,1.3148088098757334e-06,1
n01616318_3247,0.0003302414662589,6.5840006049609e-05,0.0005753814549232,0.0016108582005576,0.0001973596845471,3.571723822442714e-05,4.6253991780430025e-05,0.0001629540231233,0.0099468548226087,0.0004293176310447,0.0128645343760566,0.0004100536844929,0.0001098486615884,6.94978043165925e-05,0.9711202609928208,0.0020250259616061,1
n01622779_1364,0.0001670232400364,7.154966974782743e-05,0.0007923377926134,6.484040276852622e-05,5.318453617265589e-05,0.0011443237182402,2.6953897430984365e-05,0.0001209087066613,0.0044003570493818,0.0002355722145262,0.0033893312369379,0.0009086327891234,6.0921102092632784e-05,5.764846943958677e-05,0.9802586871507628,0.008247728024064,1
n01622779_1961,3.510694652210475e-07,7.199661207856491e-08,2.3759212040871406e-07,3.5505277425594105e-08,3.7568486032722635e-08,8.228641487827748e-08,5.478820677882963e-07,4.099613628629052e-07,5.168892431382609e-07,3.2881384003249395e-08,1.1023400565774333e-05,2.8113116371687144e-06,1.9322155197446658e-08,6.1324885844919e-09,0.9999704350241612,1.3381176558127464e-05,1
n01622779_9829,2.9771998670273354e-08,4.03718915131407e-08,5.055258138480731e-08,1.0669691170091905e-08,2.255122126061865e-09,9.857599346591409e-09,5.9058342829898955e-08,2.4464614547065944e-08,9.407950041708169e-08,1.2520374910660505e-08,1.7854624589461429e-06,7.374451187558069e-07,1.054842351934367e-08,7.305174318352556e-09,0.9999667388740258,3.0386763081756288e-05,1
n01795545_1515,3.844056438230395e-08,2.88695039064203e-08,8.16255350660208e-06,2.587708857616236e-07,6.5497319884504e-08,1.4037848168286466e-07,5.550058856735926e-09,2.35030395343746e-08,6.544032285945845e-06,2.3668308296592697e-07,4.771652760455508e-06,8.297556951098588e-06,1.0153327035182035e-07,2.656323806847541e-08,0.99988493065168,8.636776337054647e-05,1
n01795545_9555,3.7387351707814205e-05,4.445482136811135e-06,0.0044831807362063,0.0001032904516052,2.3600919673571044e-05,2.996104008189416e-05,7.158637700798509e-07,2.1318218986161373e-05,0.007668787873458,9.409725750712371e-05,0.0011354899098298,0.0001684433797201,4.112294814752674e-05,4.70690948405992e-06,0.9716279102624366,0.0145555413952488,1
n01796340_11254,9.453776587835669e-05,0.000117591665213,0.0001379562571103,0.0011732690819759,0.0005455537378694,0.0002125132903742,0.0006811167238675,0.0001319854695172,0.0177777752158042,0.0004291069004909,0.0039631479426428,0.0015203400975133,0.0004855683108264,6.14721449026121e-05,0.8473616026479366,0.1253064627480767,1
n01796340_5058,1.3354345253679923e-06,1.07963105427776e-07,2.3400845304634408e-06,2.057426343780692e-05,1.9224904449197726e-06,1.9640768172671994e-07,2.522624676931721e-07,4.443905176547876e-07,1.198657516056326e-05,1.2246599811239776e-06,7.590327871485478e-05,1.6997182823248213e-05,5.466721822861129e-07,5.7000200804549704e-08,0.999773952936801,9.21583974249779e-05,1
n01798484_2289,1.660564184437703e-08,9.720339006553433e-08,2.648244871990029e-06,2.9480206349028243e-08,2.9711988762277488e-08,2.2445031317605383e-08,3.062083078142754e-09,9.629222721297983e-07,3.966583162978226e-06,4.9818233755540056e-08,7.417708417753979e-06,1.315942290655993e-07,6.227273453172936e-08,1.560720686225508e-08,0.9999727440595,1.1802681029577107e-05,1
n01798484_3762,2.8815448609693237e-06,4.8071758677074886e-05,0.0001330991326312,1.4665260347858971e-06,4.747073524846957e-06,3.4126022897095183e-06,4.50404398497198e-07,0.0003441093478128,2.71158097011911e-06,4.970869258801212e-06,6.491944790086197e-05,2.443897821462483e-05,1.26926915660618e-06,1.1339936793938673e-06,0.999307036006469,5.5281464120631346e-05,1
n01798484_3874,2.701168118304278e-05,2.06490717874158e-06,0.0010196091389175,7.2119408178069e-05,1.770493892152963e-06,2.2896833131189247e-05,1.7694212272233852e-05,1.65859293541282e-05,0.0006948927314834,8.167286337338505e-06,0.0005095918553433,0.0005447751300246,1.0208378029489164e-05,3.169146625406769e-06,0.9907553314452902,0.006294111422759,1
n01798484_5988,0.0001387070578457,0.0004717874923864,0.0011740029801914,0.0004536798568652,5.752732641376346e-05,7.679661064932175e-05,9.138794291665856e-05,0.0030563826013227,0.0037422419398718,0.0002985345290833,0.0023057468807622,0.0003862138132309,0.0001963051524603,0.0001228858893548,0.9841734346037544,0.0032543653228906,1
n01817953_1534,0.0014386630577016,7.671496634833415e-05,0.0028485312428169,4.69297280371613e-05,2.734965239037199e-05,6.70760580412445e-05,0.0061365660934707,9.79613689223123e-05,0.0075953807719232,3.71584401016719e-05,0.0012719619207947,0.0006875761509072,6.512963127450202e-05,2.8906006643984663e-05,0.6668088580223686,0.3127652368882571,1
n01818515_2312,0.0004110702909288,0.0004055705658614,0.0004480690054048,2.5008339675446253e-05,0.0105512604566026,0.0006556229284281,6.236408948856588e-05,0.0002770985427978,0.001013539838027,0.0001413711894305,0.0014917136339234,0.0004132896209465,0.0001641341175313,3.531002037840849e-05,0.9812503524124568,0.0026542249481179,1
n01818515_7947,0.0107324658349649,0.0020455539864476,0.0020496694307652,0.0046892262876788,0.0001683427674458,0.0018679262227676,0.0015011076984622,0.0024224305253934,0.0042082947440231,0.0010213606590393,0.0128521264431832,0.0224920328654716,0.001144404560232,0.0008499537479883,0.9269664015118292,0.0049887027143072,1
n01818515_8968,0.0042705464522057,0.0071973548075727,0.3385086381998995,0.0848851807071732,0.0018832303347486,0.0116815740093294,0.0013972961112768,0.065539628862889,0.0230092621866049,0.0046991787346017,0.0874707191535059,0.0796792558164524,0.0075510466008749,0.0046880998027421,0.2554239083430407,0.0221150798770818,0
n01819313_3638,0.0008081049055938,2.91898895164609e-05,4.981847437980457e-06,2.3984410586520915e-06,2.852699329308448e-06,8.839284801143338e-06,7.469255705228147e-05,2.725476537815904e-05,0.0021279510654418,8.614813328250465e-05,0.003287660740585,0.0027215314656528,5.360750350308273e-06,3.4106689147762337e-07,0.9906695968373298,0.0001430955502982,1
n01820546_1354,1.2098227206466511e-05,3.727232467555613e-06,0.0004879237901791,1.9883188686869483e-05,1.280571059026813e-05,1.491514310729766e-05,5.388848179146356e-06,9.829458844682974e-06,0.0007577316946785,1.9096727618048432e-05,0.0002675880483166,6.146113859027505e-05,8.541904719260138e-06,1.1294330764010247e-05,0.9952771070787162,0.0030306074773355,1
n01820546_4631,0.0018692628546643,0.0003946010377755,0.0039844592594876,0.0093335288390207,0.0005553246890337,0.0028910475932407,0.0005570209944538,0.0010678617128211,0.0202707354262593,0.0003251792806088,0.0131384679711568,0.0041766805234368,0.0003229780914193,0.0003551797066933,0.9329364490169788,0.0078212230029488,1
n01824575_2244,0.002634443166058,0.0103306731445535,0.0046717070433014,0.0010025171048339,0.000233165912971,0.0044286712669099,0.0024542064281903,0.0008570340414752,0.1495595117295686,0.0005178180001902,0.0236610526031456,0.0129403102393885,0.0010909850677084,0.0002930832027283,0.7706758353278876,0.0146489857210889,1
n01824575_2746,3.12263088325251e-08,4.9866932255507175e-09,7.032300617116006e-08,5.445398497315978e-08,5.97532070677113e-08,1.5284222302081619e-09,9.584806531076432e-09,1.7645775404797293e-08,1.1367751215867247e-07,4.211135138978564e-09,2.1336856601582944e-06,5.1190705197841353e-08,3.741948239234692e-09,9.36930806545025e-10,0.9999965835700544,8.594838493988453e-07,1
n01824575_3514,0.0003714573588457,6.548182422689052e-05,0.0008838023024192,0.0001474689107832,1.2706377841087568e-05,0.0002944020602182,0.0008925622958218,3.514072869573205e-05,0.0012905373532412,4.382527829023642e-05,0.0032227825481403,0.0005392357239388,4.117141139169646e-05,9.576588659313673e-06,0.9859589458125309,0.0061909034249553,1
n01828970_2030,7.401601978579656e-08,1.0020246103413166e-08,1.1118003013640068e-08,9.87430884058207e-09,3.9161881063644675e-08,4.161795420845608e-07,2.654355302964264e-10,6.970422900185042e-08,4.299342090684756e-09,1.1207682606956284e-08,1.72959386706772e-08,1.5377615218944684e-07,1.6714908775683731e-09,7.472646642066726e-10,0.9999990980921062,8.257035730714925e-08,1
n01829413_4190,1.3981968369839217e-07,1.2529336281326724e-06,1.379966413085724e-07,4.794394962291988e-08,9.975119681728904e-09,7.573765733506586e-08,1.16376313317339e-08,2.7092027553789364e-08,4.303467353555872e-08,3.712448782827374e-07,4.288444350297612e-06,1.1954869292417258e-06,1.3371909904468552e-08,1.970814953913484e-07,0.9999906481609137,1.540038511060194e-06,1
n01829413_5505,4.192327336723032e-09,3.2198420360499862e-09,7.285296867515713e-10,2.315907581975542e-09,2.0840632222818524e-09,5.469004066435881e-09,7.941626119178162e-10,3.7071749722563172e-09,1.3869866950793125e-08,3.064277574528242e-09,1.605284313566819e-07,1.5489719097003117e-07,1.7449032278043103e-10,6.010052384565309e-10,0.9999986897061448,9.54647581148144e-07,1
n01843065_7445,7.931766118658276e-10,3.6669220861969797e-11,1.6468198916229565e-11,5.165124824816933e-12,1.2624013363121986e-10,1.5660178958010526e-11,3.5582492268160567e-10,1.0612191789814464e-10,1.9501847555314956e-09,6.869345417326288e-11,5.498831700395529e-09,4.783774780224522e-10,4.179041450459231e-12,2.892882855705114e-12,0.9999999710182568,1.9523257671676267e-08,1
n01855032_5743,1.6039268461801373e-07,4.1497783765249295e-08,4.9309748023477135e-06,1.2952664823071813e-07,5.784760653856293e-07,3.2029717509305296e-08,2.920207347156721e-08,4.770002394751442e-08,7.355185566781197e-06,2.9742783499648224e-06,5.804273223910026e-07,2.845109785080759e-07,2.79373875141261e-07,9.42435158325596e-08,0.9998565853243244,0.0001258968562677,1
n01855672_7426,8.678342654053253e-05,5.5390591337477306e-05,0.0009204727190207,3.304137308690609e-05,4.071862395400886e-05,7.30425391396882e-05,3.705714605650819e-06,0.0001354284036724,0.0002117758764937,0.000310213435833,5.255550385762589e-05,0.0012028223234949,0.000203632943015,0.0002110123890676,0.9950017916611238,0.0014576124757566,1
n01860187_210,1.0246584905947284e-08,2.612841716576223e-08,2.0718992009882724e-06,7.347527306729454e-09,4.1967383565614033e-08,4.785552294273927e-09,8.112985532533321e-09,1.6859841226857533e-07,6.082461619186031e-07,2.9201945203888763e-06,2.6960120558853057e-07,6.914862056326774e-07,1.1479373012032127e-08,7.955807153415666e-09,0.999981784160849,1.1367789813274567e-05,1
n01860187_38598,0.0039732058883593,0.0005643114682678,0.0431730607000359,0.0072727399559012,0.000199202101999,0.0008087521968157,0.0005063520984796,0.0012779891654128,0.1072604074583815,0.0636162467195789,0.0289075910088084,0.0093068701668589,0.0015748201158105,0.000421598634268,0.5587132504366495,0.1724236018843724,1
n01860187_7878,6.276027749462601e-05,0.0001885394836681,0.0011641492487422,0.0033680475961493,1.8822608300684608e-05,0.0001304355503684,0.000158482516137,6.59777644311106e-05,0.002734977554023,5.96496753877533e-05,0.0073203174989231,0.0013373437728309,5.231394681593464e-05,9.020670579881032e-05,0.956381573118382,0.0268664026825466,1
n02002556_139,1.480432751215012e-06,2.7467028490923435e-06,1.0753934746568456e-06,4.6849234291888147e-07,0.0001058829211254,0.0001272588763226,4.121407434207219e-09,1.122300681785195e-06,4.429822512973134e-07,1.58818716290111e-05,6.082635487209562e-05,1.821673177940994e-05,6.102827060797032e-07,6.304879168162172e-07,0.9996059532397044,5.739880818568274e-05,1
n02002556_17975,0.0002172875633034,0.000357144136365,0.0050819169657572,0.0047374599166837,0.0006490721854123,0.0019009541733537,0.0015582323524238,0.0016581736805425,0.0349274749001456,0.0048730764677395,0.0428000268469636,0.0024351014324314,0.0023673511238575,0.0014962118366016,0.8689385922685002,0.0260019241499183,1
n02002556_1936,0.0098550384083122,0.0003609191511864,0.043043570117391,0.0018434492711381,0.0011309162698594,0.0026436402494522,0.0054257661965955,0.0110265511395844,0.1432517791103126,0.0132266378759577,0.0100586830742919,0.0524905828356855,0.0591569757497373,0.0068429381500805,0.51470504464814,0.1249375077522747,1
n02002724_1654,3.8683833661803723e-08,4.291809892790905e-09,1.879454321395189e-08,3.6502101054679114e-08,1.4012147911544342e-08,1.3894990981470374e-08,2.759871110387612e-09,1.2522755271329009e-08,1.825338339116329e-07,2.9914453722955665e-08,8.689072275976389e-07,1.0360307110778434e-06,4.539699180718469e-09,1.402291514471065e-09,0.9999889427372888,8.792472441164645e-06,1
n02006656_11301,5.648643188422384e-05,2.3854805740690615e-05,0.0006215309328207,5.282849201191918e-05,1.4243730567061923e-05,3.92409851021178e-05,3.168423564590912e-05,5.362972544298764e-05,0.001123999672268,7.571742395190316e-05,0.0009191753478904,0.0002483213888048,4.445898987309687e-05,7.046492936825479e-06,0.9839532175085683,0.0127345638364907,1
n02006656_30849,0.0110740056838752,0.00016160302585,0.0068477885605702,3.637463978411202e-05,0.0003743183737183,0.0040552654147683,4.273775650977846e-05,0.0029094467820513,0.0036906926490631,0.0005412891810298,0.004295133709752,0.0014980849691268,2.6993441783516593e-05,4.7864248595355816e-05,0.8410302425709992,0.1233681589925225,1
n02007558_7614,8.43693137460205e-06,7.672227539946263e-06,0.0003530098130567,1.256978677632913e-06,1.1133132333051752e-06,1.013515737323616e-05,7.103396203732244e-06,4.05702571421239e-05,3.671818779577854e-05,3.563598423196175e-06,1.2502710944381098e-05,9.89718136718108e-05,8.005050147188278e-07,6.627862351465972e-07,0.9970793671031222,0.0023381152201915,1
n02009229_2294,1.1169665039226131e-05,2.0837690788754293e-07,2.1818757955572094e-06,7.517216457460885e-08,1.2287604323581278e-05,1.5004775077820263e-05,6.228378675678968e-08,8.112579515107452e-07,7.6534824805967e-07,8.069700121375285e-07,5.4818207064731095e-06,1.283318795652371e-05,1.0080100753464997e-07,7.779915292861159e-08,0.999925092049098,1.3041012771592756e-05,1
n02011460_5735,0.1532221954184085,0.0036712793951453,0.0176073397675382,0.0097786889846362,0.0007860514672162,0.0062671169090885,0.0054551939629374,0.0796166534791345,0.0058639689781678,0.0037295308041243,0.0748817718518456,0.0933104573848888,0.0063410756137905,0.0009380632696084,0.5014035634820386,0.0371270492314304,1
n02011460_7877,1.5426856504796423e-05,0.0001283778472351,3.1404435808019195e-05,0.0002366010589133,3.9750884284485525e-06,4.124259114122974e-06,1.516636487279896e-05,1.180945922427416e-05,0.0004702527760933,2.19611627795076e-05,0.0041514626888893,4.387311137409631e-05,3.313434580747298e-05,4.571606669800981e-05,0.9817430774858376,0.0130436369924196,1
n02013706_1024,5.2167064310753995e-08,5.9284545314906675e-08,8.285401569315705e-07,1.1388685961315882e-07,1.0129402890167213e-07,3.292973147050112e-08,7.494626225338306e-08,6.222501698216643e-08,1.7086768313359593e-06,3.7274865142327464e-08,5.289149106755827e-06,2.380022966298613e-07,6.02289334732783e-08,1.1359804092298183e-08,0.999988161025686,3.1690088106786628e-06,1
n02013706_6035,0.0006338331263805,0.000237256259923,0.0014381284785659,0.0019587525266569,0.032275678862935,0.0004193578785082,1.5791978544358667e-05,8.479971042674778e-05,0.0013143967762641,0.0015170603436046,0.0009254949488523,0.0022611109594004,0.0003548700115883,0.0001552385019127,0.9231880860052528,0.0332201436311834,1
n02017213_15262,0.0097703384762718,0.0152476477731858,0.0027035154553711,0.0029166376321311,0.0021247554777107,0.0007492192859316,9.651183564146936e-05,0.00719818960695,0.0048301294199563,0.1213055966920684,0.0022324175825059,0.0047038581648696,0.0004948788504782,0.0004356923415558,0.7826966924057673,0.0424939189996043,1
n02017213_17013,0.0017497479467357,0.000471845042114,0.0100358200138642,0.0062531492199782,0.0010338400847,0.00031302457217,0.0011480715808135,0.0011755013144313,0.015983462250245,0.0289420632923322,0.0025733186057844,0.0058725982656203,0.0010357559300387,0.001143629972668,0.7807873243347795,0.1414808475737244,1
n02017213_4855,0.0052228044104248,0.0009561358353486,0.0281719619084585,0.0039337700167549,0.0004059451865972,0.008623427085288,0.027935965151388,0.0379573804745672,0.04545885168491,0.0163670603090078,0.0548333734519854,0.013184504655966,0.0039524047476777,0.0022388565525683,0.6553939210619991,0.0953636374670576,1
n02025239_2481,5.6814439115987394e-11,1.2148918036551568e-10,8.27042704566971e-11,3.4336895944248595e-10,2.1708189533785126e-11,5.912727216664905e-11,3.1263207309953515e-10,5.579544100719922e-10,4.2594702991570954e-10,7.909436679894754e-10,2.4933405892980196e-08,3.518645520703068e-10,8.862740840706589e-11,1.0571159556809534e-10,0.9999998592404448,1.1250725644956373e-07,1
n02025239_3073,1.0876326238403092e-15,1.5590556833656213e-15,3.789237357711639e-15,9.698070154241526e-15,2.69427940235082e-15,3.2387564458112526e-16,1.711523721743362e-15,5.6947451888333376e-15,2.2695391438754443e-14,2.1752062985679412e-13,4.7534782181639784e-14,5.46973518052096e-15,2.286395845523857e-15,2.7503556034650423e-15,0.9999999999897417,9.933674186370949e-12,1
n02025239_7274,7.958312389201097e-09,1.7496879873297836e-08,3.385251947048635e-07,1.7904574408202402e-07,6.2595149276419685e-09,2.5441681013032753e-09,3.4264591567093102e-09,9.055766311330356e-09,5.541177337079596e-07,3.710023638805486e-07,5.0036284152266166e-08,2.553640003245755e-08,7.0658460456492806e-09,2.418123573831674e-09,0.99989603740874,0.0001023881024689,1
n02027492_1678,6.856301369198085e-13,5.3369506801739424e-14,1.4778069786781045e-13,3.754126104250618e-14,3.363452198404085e-13,4.1524992146694535e-14,3.7364404558884954e-13,2.9482283905729874e-13,7.704517991237935e-12,1.3944819718776225e-12,3.866513229983029e-13,3.9528486112408586e-13,2.5991388391303853e-13,2.2657069483483833e-14,0.9999999999383332,4.9532427381625845e-11,1
n02027492_20576,6.76741930707706e-07,9.33781756825928e-07,7.010463501938761e-07,4.38839825771284e-06,4.394019997777594e-07,6.2585589918664e-07,4.043063250020046e-06,4.0491450209683935e-06,1.9123465977274525e-06,3.831796596006749e-06,1.3963734988425709e-05,3.631710735723992e-06,4.2596023062861044e-07,6.119543347238299e-08,0.9998728606767991,8.745514415341297e-05,1
n02027492_2457,4.063011939168064e-06,8.390830207855326e-08,1.2813324038969755e-06,6.882182915467156e-07,1.0982515012341829e-07,9.558337083833998e-07,1.5231536826199625e-05,2.9836720636363746e-07,8.437765514110208e-06,7.500793462447619e-07,1.2078112847491726e-06,5.74666925866859e-06,3.500239686885382e-07,2.3844724492385193e-08,0.9999481428191462,1.2628952929030686e-05,1
n02027492_9899,1.049169718232153e-05,4.846487841654559e-07,2.286548052137475e-05,3.9128851871618655e-06,4.352039405207104e-07,2.674561228504771e-05,1.156559615393487e-06,9.816564100803363e-06,7.5448097873770095e-06,3.027603887456482e-05,1.8061623966373367e-05,7.098295754046755e-05,4.345408035803538e-07,1.5000094603511778e-07,0.9995951279709429,0.000201513405522,1
n02028035_23375,0.0001017899429681,1.0697868524794084e-05,0.0029837988294655,0.0031383859847532,0.0021523229069452,0.0001075934595452,4.3651318644317576e-05,1.3219154392295593e-05,0.015408950521712,0.0129804771878528,0.0049581594550132,0.0011288615256713,0.0017445823706311,7.517117725492066e-05,0.9379601953457942,0.0171921429508314,1
n02028035_26229,6.860227251734513e-05,1.8402434906454445e-05,2.0222842194114473e-05,7.332804096216786e-06,1.3346142050822086e-05,6.212726624107667e-06,3.1169140541325904e-06,2.8093646313725405e-05,3.353511239836449e-05,4.4258876389893255e-05,7.319050755840208e-05,2.762337818301967e-05,4.531473487421103e-06,1.7636869221533131e-06,0.9995309240810232,0.0001188431012805,1
n02028035_4569,8.319058008164009e-11,6.66010328535758e-11,3.4655688376333315e-09,1.715270188490984e-09,5.7714410768084774e-11,8.081259721356759e-11,1.4743373839224512e-10,1.1921873553631686e-09,2.7895203061032017e-10,2.8746841873319366e-10,8.522226295125697e-10,2.5628366017332147e-10,9.055054035236929e-11,1.5405598539478378e-11,0.9999996378243508,3.5358598758732304e-07,1
n02033041_17119,0.0017612780557035,0.0001638366419449,0.0165063387341341,0.00813193729465,0.0002502397616969,0.0007253800175115,0.0032807165114267,0.004454061888832,0.0151856355749786,0.0024283359389975,0.0110995472516002,0.0226086230571902,0.0016485830868832,0.0011558600338287,0.8746325524575618,0.0359670736930596,1
n02037110_3267,2.6916426046420543e-05,1.0763660569676597e-05,0.0014605459135295,0.0025450883238926,0.0003678972567609,2.040043213908806e-05,7.335997139579895e-05,0.0001144439697958,0.0014480387513142,0.0008555924460922,0.0003129749388642,0.000283931209954,0.0001489094892153,6.283140512644668e-05,0.9617969691830536,0.03047133662225,1
n02037110_3653,0.0002675300061917,3.733191048687736e-05,0.0155600696174996,0.0010668567680398,5.6362463051781265e-05,2.7780925303294887e-05,0.00011217675282,5.199994603040005e-05,0.0159134861025329,0.0164340016147702,0.0010005664751997,0.0002373154257927,7.598102589095708e-05,7.712870145795033e-05,0.9259868695659956,0.0230945426989362,1
n02056570_1691,0.0541011407165872,0.0387076700651172,0.0101240889632844,0.1134657570670189,0.0039204620080339,0.0105940692018141,0.0145435409969892,0.0790480135529121,0.020482177679316,0.0103325343682727,0.1176011343927046,0.1317501726461886,0.0780916578111535,0.0267174110615151,0.0822799279378664,0.2082402415312254,0
n02056570_727,0.0059140273981064,0.0194085857000505,0.0392628456349057,0.0335411529533892,0.0046312703595993,0.0069647044227085,0.0050174231166256,0.0331962420543217,0.1668961218498586,0.0164762445941492,0.0216696974974519,0.0089539981289605,0.0587190613528652,0.0024866560409845,0.4957767907055027,0.0810851781905199,1
n02085936_5775,3.532746258166328e-05,0.0002993966994454,3.591295759759855e-05,1.310018828278864e-05,3.1288041669047955e-05,0.0001966429606161,4.005176475291152e-05,7.662307165806746e-05,0.001007727889827,5.981478363365056e-05,0.0174594922251345,0.0004585504674548,4.934670342279134e-05,2.482939103269274e-05,0.0018108199676905,0.9784010754252004,1
n02089078_8273,0.0235658788325158,0.0019428747029015,0.2156752091851827,0.0130408707036981,0.0004649065674556,0.0088966949023399,0.004144807044371,0.0094080041518111,0.136114749009315,0.0044207332780545,0.0473300827430166,0.0287711849761796,0.0087872559036433,0.0035987513381921,0.1002374290678246,0.393600567593498,1
n02089867_5477,0.0013101700396945,0.0014302546070755,0.0005953838866052,0.005547720639819,0.0002245157090737,0.0018651460518897,0.0006816511102395,0.0173541854584408,0.002417055810882,0.0009544088027173,0.0346037019755564,0.0063934089734874,0.0022107306752958,0.000298404390222,0.012291035540822,0.9118222263281784,1
n02090379_1687,0.0043710586681788,0.2666874438648595,0.0012350296631662,0.0024775863630339,0.0020743824577835,0.1462470177449001,0.0040311748172759,0.0916241434684345,0.0012376270939769,0.0054635579868458,0.0077952950196842,0.2994856421492835,0.0443451488034109,0.0694793713509322,0.0338849170108576,0.0195606035373758,0
n02090379_1932,0.0080422285984129,0.0010654206280508,0.0182338318492716,0.000832612794948,0.0001895243720327,0.0059830522111012,0.0013403752343321,0.0005387212814889,0.0375679435698269,0.0003537996872243,0.0268533202214909,0.0555932082730222,0.0007639733919745,0.0006954763327181,0.013446497815394,0.8285000137387102,1
n02090379_3045,4.184894565773733e-06,5.868279490475654e-07,0.0002856298367322,1.4991772886230958e-07,6.994911213631555e-08,6.847360157776204e-07,9.037152809246976e-07,2.875968478557396e-07,5.528169563786028e-05,1.9849530848962455e-07,2.1423074941013364e-05,5.9263343103164495e-06,4.827667526540468e-07,4.121501658649968e-07,4.289920176261053e-05,0.9995808788068884,1
n02090721_5305,0.0001247771670949,5.811216538512938e-05,0.0536332505713156,0.0001240802467983,2.121303797877585e-05,6.762274348146128e-05,6.355071796137059e-05,1.9468851021082984e-05,0.5851513818678071,7.449967950624768e-05,0.0026841148303723,0.0001333821080313,5.177295863811085e-05,4.629333722264954e-05,0.0038110834172653,0.3539353963001201,0
n02091032_6740,0.0008894818546042,0.0001947210414906,0.0944564349623905,0.0176567446490045,8.754662172159843e-05,0.0001791855563375,0.0020369573149521,0.0016732366542486,0.025485261422137,0.0067704267327663,0.0371045460193389,0.0070643822513219,0.0028592484894294,0.000801405291555,0.2055633886798447,0.5971770324588564,1
n02091032_7280,0.0038354014456481,0.0002808863121565,0.0003759667272901,8.326477982207666e-05,2.975589968115732e-05,0.0027525299707151,2.3697646348022325e-05,3.755995369311612e-05,0.0369900777599724,0.0002000899631104,0.0097328018687748,0.0337162618362309,3.261174801797225e-05,2.408088706571753e-05,0.2348524237454071,0.6770325894560661,1
n02091134_12017,0.001251716699628,0.0001759301010877,0.0006665571018533,0.0003784060570898,9.510397116088106e-05,0.0002288321183886,0.0006596159420608,0.0020136371906093,0.0123543131528645,0.0007890405823394,0.1047939609941929,0.0210329992798964,7.760301371867409e-05,1.2209394776327367e-05,0.2127824912424613,0.6426875831578714,1
n02091134_7486,4.989719997263763e-06,2.045386116517894e-06,0.0017650299958283,8.226457822838393e-05,2.3597568615726933e-06,1.6463375936642355e-06,0.0002427710326181,3.5934760454571836e-05,0.0002228030361799,7.435987556171942e-06,0.0007137499875725,4.5862565797130795e-05,6.662976997229186e-06,1.3637377368999103e-06,0.0157081017671315,0.98115697837333,1
n02091831_6436,0.004522900489528,0.000544140131001,0.0665941561957024,0.0042530273212697,0.0006013984378501,0.0006898362363752,0.0043686064640061,0.0037746394950576,0.0350460112549734,0.0223993352337986,0.0088547590634871,0.0057850733448204,0.0232983771364743,0.0050567493007197,0.0604459300299998,0.7537650598649359,1
n02092339_3174,5.484552752424295e-06,1.036468965891331e-06,0.0092795675731437,1.2299398821377817e-06,3.857858231168075e-07,5.095501378124738e-07,5.416139336188894e-06,3.18370767231882e-06,0.0004314827715759,4.233669967321775e-06,7.229705878488522e-05,8.220413727382676e-06,2.7492166898689276e-06,1.0140933851453326e-06,0.0004517351262293,0.9897314539319264,1
n02092339_7356,0.0005413230750859,0.000271160193994,0.007673287664909,0.0004027037868176,1.7070678775171823e-05,0.0001744445058083,0.0001138647176987,0.0055357997119673,0.0011685801846259,0.0036220639842001,0.0017025164129069,0.0006222992666946,0.0015344450321474,0.0005089216328862,0.0026911285258626,0.9734203906256196,1
n02093256_12628,0.0075263577172749,0.0173403705541838,0.0059659340179867,0.0008206191455425,0.0019417498901546,0.3714730193386614,0.0015964448650612,0.0705507261578084,0.0022684951799666,0.0010842570819805,0.0169869540322149,0.2657138241504099,0.0067449041336662,0.0019059435933742,0.0484272253918671,0.1796531747498463,0
n02093647_1494,3.098068186591443e-09,1.8159852105361668e-08,3.176552516930547e-07,2.0695923562327886e-09,7.800699871937897e-10,3.036710656313506e-08,1.370976222669154e-08,9.214615078713321e-08,4.922282865769631e-05,9.727687785928034e-09,2.4455415684941824e-07,2.9461961733816532e-08,8.376423251785266e-09,4.3343234289142305e-09,5.071541610585506e-06,0.9999449311893248,1
n02093754_5012,1.086961199067988e-05,1.3636225163878753e-05,9.458351894674316e-05,5.857875400409079e-06,3.306894675284604e-06,5.8394235607853625e-06,1.4205501211832395e-05,9.056515390333788e-06,0.1955851243718942,1.259182278789666e-05,0.0002097310519134,3.1819643330223506e-05,8.383755330405726e-06,7.723219658852241e-06,0.0002806327084806,0.8037066378602643,1
n02093859_2564,0.001552706204122,0.0005608444532284,0.0351229709472854,0.0017029479154563,0.000113001323446,0.0028016429472253,0.0011582552424688,0.0014799659964642,0.054546002476133,0.0002618876715703,0.0893662250503273,0.0082359395839795,0.0004499477766596,0.0001517135661367,0.2185777918619018,0.5839181569835947,1
n02094114_7024,0.0410704049257283,0.0393934804981798,0.0247642828784638,0.0070595418771928,0.0038932746697019,0.0099602834718627,0.0158362039004642,0.0074698607770437,0.2913787005863781,0.0087454069242938,0.0550306991215404,0.156448147094026,0.0121486642560982,0.0189234776554489,0.113321365043567,0.1945562063200095,0
n02094258_1036,0.0776732718940224,0.0128895268689626,0.0020785664243351,0.0417515166762411,0.0050299348111556,0.3064906711034577,0.0025339941735767,0.0213483943257433,0.0121359133784494,0.0041357127083887,0.0443560760191968,0.2079282555987312,0.1086248864211379,0.0027195226339888,0.0161294267853391,0.1341743301772727,0
n02094433_5663,0.0001361790573849,0.0020325985677029,0.0001780004519901,1.3728646024409062e-05,9.557879157701756e-06,3.594910952069356e-05,0.0001526464500842,2.345047438100419e-05,0.0645470194018148,4.8519244664397826e-05,0.5333810311564384,0.0005415547826829,4.935588731264483e-05,7.279601300885739e-05,0.0108887054667581,0.3878889074110737,0
n02095570_2773,0.0005199264762582,8.604239820166529e-05,0.0068489887626539,0.0022049815408147,0.0089255697234464,0.000342201649119,0.0012924572130234,0.0005004019762819,0.0056121734013555,0.3853124256287252,0.0167445607028912,0.0089078823109933,0.0064231225378882,0.0045793538239146,0.0875181938287653,0.4641817180256669,1
n02095570_4436,0.0072492127008935,0.0093705068872315,0.0014168155898632,0.0013516363767022,0.0010953565517596,0.0041541081369835,0.0025186284234873,0.0034646172047323,0.0175155208413666,0.0042561091401079,0.0538766116902774,0.0219054767926024,0.0012516285661247,0.001015131594199,0.1788641668395119,0.6906944726641565,1
n02096294_12418,6.155248791520304e-05,0.0001563469175923,0.0013616203386577,0.0002727707762196,1.9696074007707585e-05,0.0001503285425638,5.762723262852853e-05,0.0001588567513974,0.4757955737311028,6.877811798095451e-05,0.0030469039336886,0.0002598295591367,9.548567969587536e-05,4.438861914797101e-05,0.0043299869072086,0.5141202543310555,1
n02096437_1559,1.5030256156711825e-06,4.616716937671595e-06,2.158115450963465e-06,1.8962100088016176e-06,2.0790302151907333e-07,1.3172445697385942e-06,6.278603702090493e-06,3.4477252486848377e-06,0.000386471220482,1.803357164039292e-06,0.0001393207603498,1.0067378842130637e-05,1.7884856645568803e-06,1.5131549188774447e-06,4.3893525003265445e-05,0.99939371657302,1
n02097130_2321,9.123753797240372e-05,4.037001586058837e-05,0.0010581445925188,5.914855168740236e-05,1.4801633674882074e-06,3.910140227543984e-05,5.316748246002594e-06,7.185418491885271e-05,0.0734831428824385,0.0001091685221608,0.0039964493378742,0.000295234108805,2.3203451600135865e-05,1.4287518667044874e-05,0.0027163737017018,0.9179954872799052,1
n02097298_8119,4.827900477919106e-05,0.0001165607010063,0.0007360318054685,0.0001287655030527,4.1035723024874e-05,6.133081373607715e-05,1.939769967755894e-05,6.925898301109248e-05,0.0669612374562829,0.0002496224907685,0.0147915972708811,0.0003960481392757,4.537755034621139e-05,2.512876312545699e-05,0.0336593866351281,0.8826509414604353,1
n02097658_1316,2.9488703833225547e-05,1.069026073687514e-05,3.416990100631973e-05,4.158825668588015e-06,2.3619790789030846e-06,4.9343140831561194e-05,4.931167285657646e-05,4.993207240675135e-05,0.0006405980217808,2.7668661571067775e-06,0.0001156796537035,0.0003256604050855,7.197967023362396e-06,9.74556529790102e-06,0.0006314885900202,0.9980374063745124,1
n02098105_2343,1.8174200031943125e-07,3.6504882211785057e-07,1.3866768996679967e-05,1.5650779275202664e-06,4.555698677737709e-08,1.429697505394701e-07,2.1831106682320058e-06,3.7737468582273016e-06,0.0101507437895815,9.346086575152128e-07,0.0004717030977159,1.762135743523467e-05,6.902304370676997e-07,2.0052856087388762e-07,0.0011909904108776,0.9881449919547236,1
n02098286_2798,0.0006068141405889,0.0014421701416761,0.0002250489424928,0.0003598203237105,0.0006565209436061,0.001243696704357,0.0005921815715435,0.0012384858970913,0.0277138784619569,0.0009553931775057,0.0088781254030879,0.0020165225086031,0.0006732051239383,0.0004966699943756,0.0052739359867063,0.9476275306787592,1
n02098286_4425,0.0002456629965095,0.0002229097239999,0.0008396450502005,0.0002938745909629,9.082658632704372e-05,0.000225597107939,8.991837011725232e-05,0.000419606770082,0.228532812368295,0.000870282066136,0.0225254012559,0.0014004838818598,0.0005613577842581,0.0001349242753305,0.0128461341462729,0.7307005630258089,1
n02099601_5760,9.993778344015802e-07,1.2784492960682374e-06,2.4313063359054174e-05,4.7353287263610195e-08,2.2802627904045775e-08,4.814978257409603e-07,4.157505091914074e-07,2.258125514459309e-07,0.3752592345343458,1.6262820856814796e-07,1.1222680119458677e-05,2.38069613025527e-06,7.373600629030842e-08,2.4121978838508433e-08,0.0004614728341292,0.6242376446617904,1
n02099712_4066,0.0001438826763354,2.305948083309185e-05,0.0001441215012986,1.780482787813184e-06,3.415393572469628e-06,0.000267182495926,4.691083828440923e-05,0.0006933696908736,0.001904118211004,1.8554737164098388e-05,0.0010751252719329,0.0007565706879863,3.8206573801726226e-05,3.931411052256144e-05,0.0012823402861456,0.9935620475615312,1
n02099849_1285,0.0040171352422715,0.0033872184962077,0.0005278470958286,0.0001610898345244,8.488028414306438e-05,0.0005092907017236,0.0012413074891596,0.0017117909217988,0.0006358479537821,0.0002472156889996,0.0031068670026491,0.0048219507382738,0.0046111176923169,0.0003977620232739,0.0154539665404464,0.9590847122946,1
n02100583_3987,0.0001981212238518,2.2935619403904076e-05,0.000766654482426,1.9039265045085545e-05,1.5112916098425748e-06,5.054816592022314e-05,0.0005342977425639,0.0001530883488453,0.0003159257532168,7.815218286591384e-06,0.0031258312607741,0.0011503415560819,7.643486765438704e-05,2.5282893108721137e-05,0.0012055342656057,0.9923466380456054,1
n02100735_10276,9.051798188884092e-05,6.355469111775655e-06,0.0001478497819721,0.0002613899525172,1.2391853536786992e-05,3.547548573679308e-05,9.374316398250054e-05,0.0049504916616556,0.0229760436693201,0.0001732544558385,0.000608257225193,0.0001149731401956,0.0017698736506971,0.0001257145562479,0.0056919900943857,0.96294167785772,1
n02102040_4392,0.0090888308919228,0.0553487030300418,0.0041393437654479,0.0015467220032588,0.000292291385659,0.0027369543393874,0.0072115953373255,0.0025894856322733,0.0148303755855271,0.0010215518871306,0.5296215744135997,0.0316070255773985,0.0052870864352757,0.0013266271398021,0.027020049287696,0.3063317832882533,0
n02102480_10156,0.0003283133651827,0.0001447984972092,0.1052447144402844,0.0889737374072048,0.0008190573381558,0.0010476610687523,0.0035562897471648,0.0412214129164042,0.1093584102645519,0.0282140031752317,0.0137906586137873,0.0144231517093199,0.164053724006933,0.024414554422503,0.1239174135569343,0.2804920994703799,1
n02102480_12073,0.0004951652461819,0.0005989220540869,0.0006476765832772,6.190734259674758e-05,2.4700989317944065e-05,0.0004072611376557,0.0002527782442279,6.228891679620935e-05,0.0167176483055596,2.1300285178232997e-05,0.0498329370027584,0.0025214514951372,0.0007178276447445,0.0001021235531004,0.0039598376582071,0.9235761735411736,1
n02102973_7074,6.630567654643142e-05,4.624035027307273e-06,0.0022446392510651,2.3306445246672366e-05,6.793826459672565e-06,1.5523338828937703e-05,2.9275292333097667e-05,9.44732817556122e-06,0.0730161157709712,0.0001587910910058,0.0006939434736616,8.044447288104693e-05,0.0005491322160007,4.560474333248528e-05,0.0386231425772021,0.884432910461262,1
n02104029_3121,0.0003055462788388,0.0005240657723596,0.0019897679421565,0.0006010526598221,0.0001557140652915,0.0005409987916009,0.0030578040222163,0.0011503391163634,0.2782491347533049,0.0004662714095325,0.0298277251149452,0.0021240227006522,0.0002988035439521,0.0001819168039034,0.0178907684690772,0.6626360685559826,1
