image_name,knife,keyboard,elephant,bicycle,airplane,clock,oven,chair,bear,boat,cat,bottle,truck,car,bird,dog,correct
n01514859_3837,0.0019977996922083,0.0005285603425579,0.0223963582014503,0.003988915377044,0.0006370938169258,0.0017652011853215,0.0116526243123075,0.0021957957389735,0.0331736683820223,0.000944993719707,0.085746992515612,0.0037732954005735,0.0012468030508654,0.0006537795317875,0.6327421696789677,0.1965559490536752,1
n01514859_8222,0.0011253873446612,5.855448288187672e-05,0.0044217582636932,0.0012019658485369,5.514288263932748e-05,2.5255424891520643e-05,0.0016576170183095,0.0079139482423052,0.0187707845167801,0.0006410340687294,0.0564209871689869,0.0013254347784572,0.0001640037975881,0.0001282721745457,0.8654369615066173,0.040652892480376,1
n01530575_3903,0.0875642619482664,0.0077252271475471,0.0656212282254641,0.0137176036865875,0.0056996156077867,0.3836141558732636,0.0011370588994422,0.0962897451056694,0.0028364609899915,0.0195618882087012,0.0061814132592037,0.219732216735728,0.0011866559066405,0.001548498566421,0.0708628484354342,0.0167211214038523,0
n01531178_2725,0.0091265471571497,0.0005043318900011,0.0118186240141167,0.0018748171185842,0.000902985377403,0.0047536231777654,0.0005216506367891,0.0040678450655062,0.0135988519737411,0.0079770233044645,0.0786818671742059,0.0045810639396441,0.0030511430302882,0.0011870623084674,0.8292201954307566,0.0281323684011161,1
n01537544_8859,0.0182004868221179,0.0017420024979665,0.0148537282720366,0.0043746532041621,0.0037211867208437,0.0081550722994404,0.0031748448114276,0.0064297756482725,0.0394139687865096,0.0058566720250773,0.0776320444433128,0.0422433491047311,0.0059853788378989,0.0007554702303045,0.735101165562249,0.0323602007336489,1
n01558993_12968,0.0038303543479484,0.000424067109515,0.0006379118844515,0.0009524186476594,0.0004748857295131,0.0019294160283765,5.784972568548061e-05,0.0004695875587716,0.0010772508087114,0.0016466507367625,0.0082111298968127,0.0249484687008953,9.476561335544646e-05,0.0002436319496044,0.9447443780360252,0.0102572332259115,1
n01558993_14305,0.0011275985054636,0.0002358785206516,0.0012655842293722,0.0004299821352236,0.0009274461437849,4.89813480039992e-05,0.0001335194292231,0.0001656009638761,0.0191096797923787,0.0009549719772553,0.0084531500053314,0.0020999199179677,0.0001864720090562,2.9054908360990786e-05,0.9350684151397316,0.0297637449743184,1
n01558993_4297,0.0017254607289002,0.0077417881203958,0.0075898157176549,0.0070079072705325,0.0002169389986655,0.0007534852437576,0.0014558713315724,0.002514918233379,0.0397247484366518,0.0005738443892639,0.0300608752339579,0.0034580803536363,0.0010758249642618,0.0007544207132988,0.8164767951189243,0.0788692251451464,1
n01558993_6287,7.357031498383832e-05,3.042249044987243e-05,7.509608816893819e-05,3.429749415737682e-05,0.0003470416618994,0.0002330186340385,2.123517007381486e-06,1.866941465188887e-05,0.0002470797959028,0.0002413041660544,0.0024167182146449,0.0003206531397804,3.0272370006490193e-05,9.913326144192546e-05,0.994926184169756,0.0009044152670558,1
n01582220_9857,0.0146244081809509,0.0057242022116534,0.0330223174754678,0.0072646403757439,0.0259662513087821,0.0032109528900895,0.007127901126047,0.0094706528614624,0.0833330852508357,0.0065032490335102,0.0579613699489153,0.0050003091255649,0.0029024892841178,0.0023541551885064,0.4231858441606679,0.3123481715776839,1
n01592084_2422,0.0012745971504483,0.0001886358089888,9.534121794703852e-05,0.0001682834905923,0.0003982394449338,5.361225586579753e-05,5.539385998698794e-05,3.649639314476555e-05,0.0002903662723778,0.0003441477938788,0.0016124915348799,0.0006204442544162,4.074974356309008e-05,3.422377139878086e-05,0.9931634913284386,0.0016234856791386,1
n01592084_3955,0.2618486937564185,0.0192080222597393,0.004125824622276,0.0011434045329807,0.0023578055331497,0.0446259651239006,0.0020000484766836,0.0463585656046402,0.0423300226411249,0.0031062098290163,0.1165334401566979,0.1265625314951266,0.0024615555736448,0.0013528584529024,0.178376700031878,0.1476083519098198,0
n01601694_10499,0.0007519764600567,0.0001613722117245,0.0119375083600778,0.0001897446209004,0.0006026276123828,0.0001538510648627,3.4277549242168806e-05,0.00019750176014,0.0072874953761543,0.1219907520643622,0.0003772327232857,0.0012405050707102,0.0006091959259219,0.000236086038112,0.7011427849858577,0.1530870881762082,1
n01601694_9470,0.0005391925665142,0.0001318568708839,0.0003169386902198,0.000319535657911,1.6066289584689238e-05,1.564560811193792e-05,0.0002872352247478,0.0001011954985133,0.0017751956530039,0.000522525144721,0.0035745878702078,0.000336959202048,5.35334646539701e-05,2.6024745180809667e-05,0.9872724681663358,0.0047110393473614,1
n01616318_3247,0.0099104759228655,0.0013824929795202,0.017450291588334,0.1249644549247512,0.0027574584556015,0.0011596446258911,0.005441462606311,0.0059354155582861,0.1493682951794022,0.0159025483960025,0.0550920315851587,0.0147759411554589,0.0123418282609471,0.0095778733134439,0.5411413860716422,0.0327983993763833,1
n01622779_1364,0.0072542898375324,0.0029140789189721,0.0208351391363156,0.0027324049589638,0.0016112045273314,0.0188308138219133,0.0036924757623408,0.0054908751947574,0.0529609197506893,0.0039067602042859,0.123865204164655,0.0331680962584777,0.0051580792681512,0.0037176653999272,0.5843242739127896,0.1295377188828965,1
n01622779_1961,0.0001638644010352,2.8747703856577342e-05,0.0001950642335651,0.0001132032950159,1.0238809288470593e-05,6.4170344153692e-05,0.0001414899511786,0.0001443558765439,0.0004895124769806,2.913646109149511e-05,0.0020102260035798,0.001408502614764,1.8733713532875853e-05,9.31110713677838e-06,0.9893222440115664,0.0058511989967101,1
n01622779_9829,2.6182549884102883e-05,0.0001894556929455,0.0001575981410751,4.197187435258234e-05,8.34206250489268e-06,8.452564202747994e-05,0.0001677735463639,7.686904952352008e-05,0.0003281136344904,2.5046925696235445e-05,0.009019926184089,0.0004645039581605,2.6293801645450417e-05,2.7048141281799237e-05,0.9851882512391248,0.0041680975568345,1
n01795545_1515,5.4622346595976386e-05,3.082747451236329e-05,0.0012511720026174,4.5652345641028144e-05,3.8356010373219865e-05,6.592364689427697e-05,1.1867200201092929e-05,1.836545503903532e-05,0.0030480941205837,5.724776726383681e-05,0.0247891846805565,0.0004732689709762,5.9549495093567626e-05,3.722796433819427e-05,0.9067459400932264,0.0632727004260869,1
n01795545_9555,0.0001949807749013,2.4770873204503813e-05,0.0081592217863808,0.0001888564312491,4.916931508148026e-05,0.0002247909730598,2.0981894661910985e-06,9.595015425203937e-05,0.0231262940639193,0.0001318724742595,0.0067875854068586,0.0004601877637724,7.908187322471081e-05,1.95685559194126e-05,0.9297849404176352,0.0306706309468151,1
n01796340_11254,0.002420081026611,0.0011397444932473,0.0054286986294801,0.0208090504983557,0.003835198024574,0.0019667295489636,0.0219311984114485,0.0012353014709305,0.0784670274313852,0.0045984358820424,0.0287592558094807,0.0092352010723235,0.002773465562654,0.0009644569614086,0.7146303329046511,0.1018058222724433,1
n01796340_5058,0.0089275614625682,0.0010784240708809,0.0103529491511302,0.0340073050558203,0.0029191655348508,0.0004103648493207,0.0015799298235889,0.0012729329558368,0.048446399180869,0.0232806217045607,0.0993296469767929,0.0082104862722798,0.0043155556502783,0.0023924558014244,0.7154201473330403,0.0380560541767573,1
n01798484_2289,0.0011666701009839,0.0005626050467277,0.0966189549034646,0.0002945441368606,0.0001208245340158,0.0034534047178408,9.96201356189353e-05,0.0078094632729349,0.1338698506355616,0.0007109539694988,0.0135024452234532,0.0053776847840763,0.0006317604955948,0.0001876573113775,0.7150443665473531,0.0205491941846364,1
n01798484_3762,0.0015399221021169,0.0165613652581743,0.0266654703344011,0.0003149369039994,0.0008999945511634,0.0040817906817774,0.000283116752661,0.0988689051469077,0.0035996969754232,0.0053906078150161,0.0061290457361729,0.0115958138748088,0.0014167026192523,0.000431164985096,0.8117839095200527,0.010437556742976,1
n01798484_3874,0.0030021688856638,0.0002674326875309,0.0532076117122237,0.002678173172176,0.000172805893598,0.0026892972905817,0.0013684732482762,0.0021264855176137,0.095089632733734,0.0015425121268157,0.0335088285046791,0.02090870232472,0.0009822983688011,0.0003870799174167,0.3063085277416901,0.4757599698744786,0
n01798484_5988,0.0004355464799325,0.0020475068491729,0.0091466441541326,0.0007323496487454,0.0001494963812137,0.0006461756139982,0.0001647051461844,0.0022999616946003,0.0261193018130228,0.0005363511429569,0.0079638356108726,0.0011862299839399,0.0005752337226393,0.0003815696729873,0.8732252035649979,0.0743898885206023,1
n01817953_1534,0.0029405435435492,0.0033830265048449,0.0105804748914109,0.0004078342599825,0.000114963331956,0.0018179106204333,0.0025504865049311,0.0005312520826139,0.0542173089107158,0.0003882118752799,0.0270642210957042,0.0029813731835391,0.0004299190009133,0.0002244332981159,0.191402381448887,0.7009656594471222,0
n01818515_2312,0.0502081962962121,0.0311569693976654,0.0174913734440859,0.0016918019715738,0.0499220909801587,0.0135059527001591,0.0036678211969049,0.0232805190399589,0.0592763334735874,0.0036481251381264,0.0728143053325345,0.0422870038716741,0.0051934718887277,0.0018909526349115,0.5282575658256484,0.0957075168080704,1
n01818515_7947,0.0274093681162304,0.0428149359946393,0.0161579404393611,0.0169157035206451,0.0015651398941222,0.0157278380847735,0.0057511517825822,0.0182626885935803,0.0373167415166447,0.0021477906037952,0.0781253110636388,0.0269105471361001,0.0065708507682869,0.0034490216606303,0.6309311969867046,0.0699437738382646,1
n01818515_8968,0.007495931007842,0.0351111842284724,0.13138365444267,0.0973807975712589,0.0021010840384316,0.0291863177912287,0.0027724951689478,0.0752418203623058,0.0885525943689059,0.0191158081711139,0.0645315940618359,0.0745590044448775,0.0523772920541769,0.0132099474320619,0.1541647001740577,0.1528157746818125,1
n01819313_3638,0.0189294669590194,0.001120753230388,0.0001029720115727,8.594489549418781e-05,6.781142545146702e-05,0.0003487161193505,0.0009809334146864,0.0005278435049216,0.007167425649877,0.001996662353066,0.0279917629440637,0.0376426324146742,9.845232849042931e-05,1.9480525933403063e-05,0.9011073534360368,0.0018117887869739,1
n01820546_1354,0.0001491168321733,3.4734492580574565e-05,0.0206816640403445,0.0001699928448458,5.643796471366624e-05,0.000160162955881,4.118514495380803e-05,6.634262772723279e-05,0.0121912744571248,0.0001653105957978,0.0016013845435162,0.0007754697730373,5.454448905630455e-05,3.390577127128057e-05,0.9198053163015606,0.0440131571654152,1
n01820546_4631,0.0074858654048934,0.0030120054041681,0.021058915979335,0.0285319599662024,0.0015583909296277,0.0111118035689749,0.0029443068641114,0.0072720630882775,0.2118201845026511,0.0026980303871661,0.0475252507315353,0.0132144318357084,0.0023631346821692,0.0019644490814195,0.41466675829038,0.2227724492833791,1
n01824575_2244,0.0180044715347735,0.0720630995096192,0.0202743665304607,0.0085045720414765,0.0014595948376089,0.0354126999624716,0.0246641160883236,0.0085284510164138,0.0860471419635225,0.0075485256645916,0.0414728893989155,0.0452056697727754,0.0046863178814478,0.0034573925449324,0.5185015935263325,0.1041690977263339,1
n01824575_2746,0.000410585217013,8.38213731940773e-05,0.000395800151955,0.0006938404696753,0.0001723433084837,8.179560483872506e-05,7.734332802718985e-05,0.0002164321962948,0.0010157139349414,5.0800495382218734e-05,0.0043485547050253,0.0003112483328865,4.6515720148698186e-05,3.072997959499932e-05,0.9888288329986537,0.0032356421838852,1
n01824575_3514,0.0052729047536733,0.001456293410289,0.0096559773007685,0.0045641064686085,0.0002879326877355,0.0066173789530429,0.0172477703793041,0.0014792909723822,0.0225402461412963,0.0008740948234642,0.2675661484130235,0.0114640724268998,0.0010365532208607,0.000327675563716,0.3443107443595725,0.3052988101253622,1
n01828970_2030,6.848189519887266e-06,3.5062542927192653e-07,7.981236603599082e-07,1.3732149310785916e-06,1.5430522173227228e-06,2.6950539672101347e-05,2.8295182767584312e-08,2.3128678978503387e-06,5.698055488428286e-07,8.461059874069612e-07,1.1971785992339996e-06,7.030581742250033e-06,8.58284760541823e-08,5.8401360842626275e-08,0.9999437274129774,6.279776797247721e-06,1
n01829413_4190,9.477531411913938e-05,0.0019490109219878,4.839809216250513e-05,3.904761031082156e-05,1.309829767690968e-05,0.0004231833515159,3.131838896552114e-05,2.9597212166908497e-05,0.0001375396536016,0.0004274611539742,0.0012529774687301,0.0017952260789941,5.7509191725984984e-05,0.0004064811257157,0.9927199249564056,0.0005744511819468,1
n01829413_5505,4.043761740834066e-05,2.5623538989468063e-05,3.65951289915973e-06,2.5024884075376257e-05,5.969494564673614e-06,2.531637093357113e-05,6.307936136984073e-06,1.8815715141261668e-05,2.6318733470582516e-05,1.126438853307052e-05,0.0002862264538035,0.000162699013394,4.30955487167789e-06,1.3312409563781126e-05,0.9989433174168376,0.0004013969593766,1
n01843065_7445,6.959505787877329e-06,4.722292682522302e-07,1.68078519977318e-07,8.132747365873181e-08,6.715291096104561e-07,1.6782257055520718e-07,5.835859454513357e-07,4.434871907429278e-07,2.760542947393436e-05,2.142843687042043e-06,3.9943078088679295e-05,1.847879408464582e-06,7.101955488689071e-08,6.012356184758063e-08,0.9998773569771422,4.142508321678702e-05,1
n01855032_5743,2.530347874822896e-05,9.475935141535256e-06,0.0007914761279285,3.511515978434858e-05,8.403468979620562e-05,4.551922818110611e-06,6.422123937627758e-06,6.9775816512881195e-06,0.0023968439089512,0.0002095597589339,0.0001034538777209,3.717650483282244e-05,7.569541161402203e-05,2.414407873554321e-05,0.9818123539688082,0.0143774154705975,1
n01855672_7426,2.6316687810336105e-05,3.972030095146451e-05,0.000137236271562,2.9930550239272995e-05,1.233570120318617e-05,2.6389420473634346e-05,3.043514522020277e-06,2.869301949875535e-05,8.634688418393156e-05,3.107127839790163e-05,4.724975692880146e-05,0.0003775754167702,2.599240967306646e-05,3.101310089254182e-05,0.9979154204241956,0.0011816652626973,1
n01860187_210,0.0001279346543081,5.3738916159311256e-05,0.0022473034304112,9.086629793065003e-06,6.381624431009523e-05,3.1766281386639874e-05,8.646519070194785e-06,0.0001761204839973,0.0006081327126903,0.0014726935450142,0.0005597233481393,0.0072195996383857,1.623685787379041e-05,7.3160476703457295e-06,0.9849360142229284,0.0024618704678617,1
n01860187_38598,0.0023057703602224,0.0008424321137519,0.0372837517904333,0.0145171575907267,0.0003707521904068,0.0006706166282692,0.0002526179584374,0.0018759745897109,0.0707937929467148,0.02207605180393,0.0217241373617587,0.011920391174452,0.0028165142298559,0.0012086858657594,0.6763828969412291,0.1349584564543407,1
n01860187_7878,0.0033364453665918,0.007604280268436,0.0352116828436663,0.0333784267152732,0.0007284662318522,0.0041589030460038,0.0163418487671542,0.0049929402770566,0.0374560580182907,0.0019470852959629,0.0818928478012052,0.0323855988437228,0.0017360879896731,0.0032872158031041,0.6095558965842016,0.1259862161478048,1
n02002556_139,3.5111850460904076e-05,8.659366292624301e-05,6.474516250801263e-05,6.76340472893365e-05,0.0015572685432917,0.0032636334359431,6.168411643729957e-07,5.143423289490188e-05,5.1048619365982265e-05,0.0003632511746158,0.0051528701502351,0.0005849943774097,3.6202690134908805e-05,3.11425179531807e-05,0.9876132201839778,0.0010402325098286,1
n02002556_17975,0.0027747322505526,0.0027131132323236,0.0523575009577633,0.0365623431690887,0.0011463762660479,0.0051338086166767,0.0062892672890222,0.0039636300330481,0.2416173456282699,0.008694625648931,0.0566083723764718,0.0176101706416896,0.0112496659118907,0.0056434640384567,0.2600454128469469,0.2875901710928195,0
n02002556_1936,0.0106183559279891,0.000577799113817,0.0255506836415131,0.0013744949679556,0.0014397948276019,0.0016176033790921,0.0044109872875369,0.0076848723898966,0.2471396655225993,0.0122393414662687,0.024797695505305,0.0418951963919822,0.0581929951976738,0.0068086440030963,0.1780678399362866,0.3775840304413849,0
n02002724_1654,3.830500403878448e-05,9.382309837999135e-06,5.344934224190321e-05,4.7256405306823344e-05,7.514958881357202e-06,3.5265144309147784e-05,8.597310373703329e-06,1.489222602999929e-05,0.0010200022883504,3.516892449176977e-05,0.0015329923831406,0.0004819780838679,4.213182527954308e-06,2.024800696088248e-06,0.990097268770578,0.0066116888653275,1
n02006656_11301,0.0023537072994944,0.0011760632424437,0.0692671268770778,0.0016522445514688,0.0004422415624463,0.0042530989317338,0.0008351710232926,0.0059095584902068,0.0379683060142776,0.0040896056839849,0.0698168849742012,0.0085167095027671,0.0012953047504684,0.0002979595700919,0.4978156133572403,0.2943104041688036,1
n02006656_30849,0.0222965340785198,0.0013461143387792,0.083581626711542,0.0003603331727779,0.002644436043082,0.0101475394459402,0.0003968112929952,0.0049762102665951,0.0542556840460488,0.0026605205871744,0.0696214551764143,0.0033876006139582,0.0002629381877635,0.0006032833767462,0.5342774437705,0.2091814688911626,1
n02007558_7614,9.118063712260355e-05,0.0002757250688464,0.0007385283998706,3.8247479984164185e-05,1.1146628577588373e-05,0.0005555656987534,0.0001266782584359,0.0004078332908754,0.0009021582223402,4.5173475554267416e-05,0.0001684009788665,0.0047857985546376,1.4939141313399129e-05,8.509955273043032e-06,0.9868885254509222,0.0049415887586263,1
n02009229_2294,0.0003020735542994,4.744730091412853e-06,7.331237384826789e-05,6.360420142409147e-07,0.0001722667339946,0.0003726142731165,9.489705001303732e-07,2.7590922621979973e-05,1.7735404735201346e-05,1.0335609845391297e-05,4.953127107162403e-05,9.349845393498196e-05,1.0998701241222996e-06,8.014899306143859e-07,0.9987584833387776,0.0001143269610936,1
n02011460_5735,0.1747484075976714,0.0247859294084697,0.0712600909001052,0.0059343266431668,0.0023959589550071,0.0119597393268161,0.0033729793572733,0.2043892335707978,0.0176612536490058,0.0109629892957224,0.0806788416198095,0.0488736477423663,0.0119183222064285,0.0015293741403433,0.2560241208846421,0.0735047847023737,1
n02011460_7877,0.0095598027474656,0.0135895316492535,0.0075711793201931,0.03441105506114,0.0012260961239294,0.0069006824568257,0.0094777892497739,0.0023522686075411,0.0247061613509924,0.0025720094994018,0.1022571408034399,0.0163069479436413,0.0175787290281307,0.0060851085364387,0.6564187563484304,0.0889867412734018,1
n02013706_1024,0.0006489021533516,0.0006335457327268,0.0040654472761903,0.0004934981799231,0.0003354723637166,0.0003531348656208,0.0022990828276019,0.0007238805620748,0.0154654315679103,0.0002567714768468,0.0191348659939797,0.0024008947299356,0.0002711160310635,0.000118957347208,0.9464369401336464,0.0063620587582029,1
n02013706_6035,0.0006122330525446,0.0001596353013848,0.0024945350125699,0.0023867279856754,0.0097365731057062,0.0002186532174677,1.52889404051451e-05,5.512903833847165e-05,0.0015959428982144,0.0011538429935669,0.002020537780111,0.0014084044966693,0.0002927740242213,0.000105599672203,0.9645120488680264,0.0132320736128947,1
n02017213_15262,0.0055149067571074,0.0139699309484235,0.0045021320512747,0.0064585150367356,0.00109613912927,0.0012724508321136,0.0002584090684925,0.0013453423981661,0.0251004179154799,0.0071044824119502,0.0045253814117511,0.0017852220329973,0.0026146522346341,0.0020278342942973,0.8696503683854895,0.0527738150918165,1
n02017213_17013,0.004255658236633,0.0030730561643995,0.0325696190620838,0.0269546808458523,0.0032406184186404,0.0023133308794576,0.0068752925072737,0.0063949178469426,0.0381061318116339,0.0275320550554294,0.023662978646399,0.023642779452458,0.0042231098661874,0.002609468315689,0.6974069430899426,0.097139359800977,1
n02017213_4855,0.0031207170023153,0.0035222276759654,0.0116899903562282,0.009489122965446,0.0013817480363262,0.0285024810513643,0.0075811299975675,0.0166290135057224,0.0287455545698622,0.008224672397492,0.0147356719922186,0.075371267121676,0.0032616030160619,0.0025810979704806,0.6336364986378289,0.1515272037034437,1
n02025239_2481,8.611181126662238e-07,1.1459559540141556e-06,9.78890607343936e-07,3.5885810910024674e-06,1.723964955117595e-07,7.354247503451535e-07,3.898080643562545e-06,1.2545121199289794e-06,3.2331470703140554e-05,4.30179414081371e-06,0.0001857009338479,2.927864411866683e-06,8.948757464007314e-07,9.390880927084156e-07,0.9992549227604608,0.0005053462528221,1
n02025239_3073,1.1801598041386842e-10,1.0526471722801019e-10,2.6359322379756095e-10,6.140473318733287e-10,1.1420537866151503e-10,3.6581477595732147e-11,1.0050121393810539e-10,2.0850984147421767e-10,1.2783718070464712e-09,2.562349493306719e-09,3.307677204482612e-09,2.457399403705988e-10,8.708511609876488e-11,2.0637288739335083e-10,0.9999998557700268,1.3498165770546773e-07,1
n02025239_7274,3.061297362549363e-06,4.327067230484102e-06,3.302375736339842e-05,3.894531788376206e-05,4.444995547214721e-06,7.640561201253803e-07,1.2901548032045504e-06,1.92031683197584e-06,0.0002699723594528,7.113892501309204e-05,2.8503358678997264e-05,8.424170330139468e-06,2.996746322786512e-06,1.3738448347410218e-06,0.9931369558842692,0.0063928577479555,1
n02027492_1678,5.42234793601372e-11,9.808660183841718e-12,5.7258958585607676e-11,1.085875014306297e-11,6.402457992949329e-11,6.5387764877047096e-12,8.115291199438211e-11,4.0950488971773046e-11,1.5335024148293043e-09,1.0420260765740316e-10,1.715443552390609e-10,4.467760900756934e-11,4.2152117684670756e-11,8.3868796285444e-12,0.9999999806779624,1.7092755078605214e-08,1
n02027492_20576,1.209592392656656e-05,7.278019219981789e-06,2.789324765336963e-05,0.0003154038712158,1.2393770961892385e-05,1.6120496846195454e-05,7.750518926553893e-05,5.076742397388637e-05,5.8520507163521e-05,6.31819932290544e-05,0.0006717334562337,6.470134724188712e-05,6.457235210015991e-06,1.469236603522625e-06,0.9952785154018384,0.0033359628794165,1
n02027492_2457,0.00191048262211,0.0010669391382354,0.0044903175564269,0.0004373817801807,5.094731538112714e-05,0.0023481515351609,0.0207788943373267,0.0007758161955186,0.0124632816459503,0.0001802511924463,0.0014714115806956,0.0085380079399656,0.0002685476527449,4.6175976229513295e-05,0.9165944806831144,0.0285789128485123,1
n02027492_9899,0.0086674486525155,0.0006270546961786,0.0269131774266054,0.0083894351238189,0.0004775571599211,0.0528565291862047,0.0012024223350118,0.0056121585615804,0.0058398005221923,0.0037160743585293,0.0058402900065672,0.2259829953295911,0.0018929478772355,0.000265098090643,0.6132251558737181,0.0384918547996864,1
n02028035_23375,0.0003441801289397,4.725745685543598e-05,0.032617754436512,0.0031257412659558,0.00457013979113,0.0002773136856913,9.919308757465328e-05,3.665513501446092e-05,0.0517024105656849,0.0345137288442477,0.0451551783069714,0.001349655885162,0.0027123962282308,0.0001487831133014,0.7311589358023858,0.092140676266342,1
n02028035_26229,0.0005886325212592,0.000538491566529,0.0005550824858678,0.0006737541307995,0.0002337279700181,5.952931398809759e-05,1.252232067909396e-05,0.0002617686546221,0.0019210535075949,0.0012923150209747,0.0006331447378785,0.0001598927269259,0.0002245254801802,7.148894948776688e-05,0.9825102322950516,0.0102638383181429,1
n02028035_4569,2.3486486825861943e-09,1.9553043524647416e-09,7.2988136040104e-08,9.608186401492244e-09,3.680999692753132e-10,5.177625203490625e-09,3.867838263244502e-09,3.910120398228267e-08,3.388168336286518e-09,2.664791329155518e-09,3.7763898978026136e-08,6.8868862153918774e-09,1.358321769194422e-09,2.2374391302427527e-10,0.999997294532474,2.5177666725860097e-06,1
n02033041_17119,0.0230517100881267,0.0021136522489643,0.146459156165484,0.1327103316619101,0.0027814519378691,0.0128139014054702,0.0241258045371928,0.0260619046323017,0.0543196598384297,0.0540452624405456,0.0742339574369237,0.0237700434149816,0.0700161888961121,0.0173598625276892,0.2368492131593561,0.0992878996086424,1
n02037110_3267,0.0003302706454652,5.906244189998851e-05,0.0032530833511091,0.0129150967696825,0.0008292426954795,4.9179287336855045e-05,0.0007709095735707,0.0002250272936395,0.0103007226686652,0.0053850460142406,0.0037103649747269,0.0006240539795471,0.0007189749894921,0.0002856736340064,0.9213374332046904,0.0392058584764471,1
n02037110_3653,0.0011266012352377,0.0002526872368448,0.2630735965116653,0.0042414945703643,5.7324834636830205e-05,0.000156904092332,0.0007814417673453,0.000801337657052,0.0667164035229249,0.0060298455497765,0.0057382820271087,0.0020033376286389,0.0007230702331371,0.0003725359817003,0.6131344194760391,0.0347907176751956,1
n02056570_1691,0.0191455434324901,0.0360489446863641,0.0106964647124882,0.0174988849319128,0.0035723001630509,0.0090988768693484,0.0658822290802015,0.0356411456251282,0.0247196821592989,0.0065394339218386,0.1955057589932418,0.1065308078613051,0.0233252580127147,0.014349156518005,0.041050204274233,0.3903953087583782,0
n02056570_727,0.0008354240930775,0.0006864788841354,0.0068895279565912,0.0021871021548076,0.0004293624948168,0.0011511355744063,0.0004104889718389,0.0013206603118047,0.0415561255368859,0.0006895190211845,0.0108664977142208,0.0008573817056354,0.0017256917573993,0.0001634337448679,0.9084656106617556,0.0217655594165712,1
n02085936_5775,2.3450608652695763e-05,0.0001756378686468,3.26951652811972e-05,5.820746817412098e-06,6.375196322549382e-06,6.816369820122823e-05,3.1496595442206803e-05,2.0773511135228583e-05,0.0021944824822602,3.3574890333696546e-05,0.0296212042298554,0.0006755630836623,1.8245909434986427e-05,9.56770195584294e-06,0.0007699442791649,0.966313004032833,1
n02089078_8273,0.0132959077237526,0.0025134054645901,0.4025371329560137,0.0218630342555759,0.0006943677398538,0.0190556115111005,0.0083429445670739,0.0312641865229767,0.0529295563696744,0.0285021312964342,0.056042792130317,0.0790641021077839,0.0172561986018216,0.0070924326665992,0.1309433607964053,0.1286028352900262,0
n02089867_5477,0.0019676971703632,0.0059201513077133,0.0037300965552993,0.0091252337655899,0.0003727360048213,0.0038516621928364,0.0032070275238404,0.0089958571778081,0.0690696398593211,0.0032526722452603,0.0771215429260638,0.0250700777008767,0.0040036836389258,0.0011332508503157,0.0259667167943352,0.7572119542866285,1
n02090379_1687,0.0103073582480154,0.5077348551177858,0.0010626281235604,0.0016319172371088,0.0026404933097419,0.2199332575969993,0.0068744037690378,0.056270842875584,0.0039929698541331,0.0036747004899711,0.0123312582472175,0.1122335441099373,0.0184080104307172,0.016019122108302,0.0185388552068897,0.008345783274998,0
n02090379_1932,0.0108836279883635,0.0022067658241637,0.0106542257641262,0.0021052646822874,0.000251098596682,0.0180414791275756,0.0008224847977717,0.0006727525068043,0.0292677528425407,0.0004563146071075,0.0867907656233348,0.3609651286446546,0.000857773399359,0.0010055732503972,0.1351843735973152,0.3398346187475161,0
n02090379_3045,0.0004328700963898,4.990680581934967e-05,0.0058821870544832,1.4973085077974815e-05,3.171684495121628e-06,0.0001009576882693,9.801293404576763e-05,2.829718380872168e-05,0.0039313171963094,2.6353848735782234e-05,0.00355483443932,0.000787177993422,1.4270980867009536e-05,1.1514779984408452e-05,0.0018696271113015,0.9831945271176704,1
n02090721_5305,0.0072767857555815,0.00241811656412,0.1115475198838347,0.0052427889286149,0.000974041968586,0.0023642700412212,0.0007074100622534,0.0008244290275299,0.6688220136329155,0.0179781533396174,0.0594886569727283,0.0052644485706745,0.0016231548531145,0.0008212195509783,0.0352105202784908,0.0794364705697385,0
n02091032_6740,0.001325452370954,0.0003604635446385,0.1087619096601764,0.0102512296355246,0.0002634015583862,0.0006830650246377,0.0061646081258937,0.0030636797737302,0.0473082637574065,0.0116864672366199,0.1174967461606412,0.0036420685549431,0.0068521913349934,0.0015684306306898,0.0402249983948326,0.6403470242359313,1
n02091032_7280,0.0364303532932663,0.0026499324791115,0.002309226490677,0.0008701314439315,0.0006228930119621,0.0231812431027531,0.0002243653339182,0.0006968689944364,0.0870688428543658,0.0013274425132618,0.0449760198921684,0.0579414217675225,0.0005008600548661,0.0003763580759134,0.1813109798637776,0.5595130608280676,1
n02091134_12017,0.0004184313060613,6.442907018732641e-05,0.0008391711241126,0.0044830464624775,0.0002153406858491,0.000661445774963,0.0003191153935516,0.0011974927934931,0.0023584034878084,0.001079593189553,0.090865743243021,0.016640031718021,0.0001446116391491,3.448915355717837e-05,0.07140015265746,0.8092785023007342,1
n02091134_7486,0.0015949161944422,0.0003473404886326,0.033854318677983,0.034916349686538,0.001502969143975,0.0019016965721728,0.0273091134174792,0.0016273582848903,0.0449712840481466,0.0035150855812728,0.170584576340361,0.0106331397992295,0.0023031871610671,0.0006584088903412,0.2514427298417586,0.4128375258717094,1
n02091831_6436,0.0054585001093655,0.000704043091354,0.2247080931715399,0.0180266752467183,0.0002693847208158,0.0015223838068661,0.0032920213818717,0.0069691152432082,0.1555606064275345,0.0217837651346676,0.0352641257354174,0.0173293805353685,0.0080802716895842,0.0047072322941721,0.2057957605709147,0.2905286408406008,1
n02092339_3174,0.0007428089281373,0.0001401439694988,0.2440297462382325,0.0002910904541447,6.960533145238937e-05,0.0001473114999476,0.00075599125259,0.0001727321999432,0.0203358376400123,0.0008500890961952,0.0078140592939727,0.0009613284187913,0.0002702990123816,8.537696116824476e-05,0.0267156821235215,0.6966178975800099,1
n02092339_7356,0.0059217097643874,0.003514573547094,0.0506092035733052,0.0320976572577811,0.0017369799826832,0.0035612233318311,0.0011622640493516,0.0677246997579972,0.0367805587050649,0.0607001120419416,0.0264694413927336,0.0106728033220133,0.2117333784096825,0.0524952593863158,0.1341245788068668,0.30069555667095,1
n02093256_12628,0.0232985350820188,0.0682635543004958,0.0100000398802236,0.000815009950446,0.0017089622734252,0.2178352595751599,0.0026134299382652,0.0524965347088049,0.0073962020995545,0.0045726966276738,0.0305558078056711,0.2986069161297947,0.0327820056581008,0.005445224618592,0.0423158108310004,0.2012940105207727,0
n02093647_1494,3.893430624297464e-06,9.2083303709039e-06,0.0001538269514116,3.3184150798699816e-06,6.279957834921344e-07,7.90840302459955e-06,1.4281591354113026e-05,2.4611885584589797e-05,0.0044082291387987,6.907660924168819e-06,0.0002771651306285,2.918594719222522e-05,4.3014018548270465e-06,4.212412481325737e-06,0.0005173790048074,0.9945349423000792,1
n02093754_5012,0.0002654265797967,0.000262502718127,0.0019468201021974,9.876245563323012e-05,6.983032414373807e-05,0.0001395314446225,0.0001221085143429,9.19774013714742e-05,0.3809165390628036,0.0002488152377211,0.0320095682538752,0.000421623855757,6.487787484529887e-05,7.758921818452914e-05,0.0060580547136698,0.5772059722429081,1
n02093859_2564,0.0017478622055183,0.0009417847735788,0.0260013687258652,0.0026087319880223,0.0001295181886211,0.0057104301231012,0.0010964285529821,0.0015088335693762,0.2559992730523818,0.0011897767041044,0.0556451818685006,0.0053180528568844,0.0004565880359474,0.0002900075773447,0.0984854512950673,0.5428707104827035,1
n02094114_7024,0.0229330112671061,0.0533412455812207,0.0237432341679983,0.0129263706793558,0.0033465919881532,0.0103177904523517,0.0185714124450499,0.0192436604346246,0.2552834160975431,0.0130325804159799,0.0870259261200512,0.1034121486295537,0.0452768408793995,0.035540487276247,0.1772443238764445,0.1187609596889202,0
n02094258_1036,0.1584153181247015,0.0850771766912164,0.0082906269638341,0.0050208792038092,0.00189508587167,0.1599522119972024,0.0037174054006167,0.0222071846187866,0.0084696885085018,0.003717532994961,0.0093212691613088,0.4760875542150369,0.0199282607294999,0.0023446467575043,0.0083076721454578,0.0272474866158919,0
n02094433_5663,0.0031287139012324,0.0013588258042748,0.0055234089283101,0.0005716796153454,0.0002245795855025,0.000342238092485,0.0016255657149425,0.0003350987473175,0.0981681947953228,0.0004205680160456,0.4054718448787897,0.0027958911964505,0.0006371521967936,0.0004506922766935,0.0309885989991336,0.4479569472513598,1
n02095570_2773,0.0067270557414736,0.0007449456719263,0.0320230684415199,0.0124439181791392,0.0209089624779619,0.00260354886045,0.0162316431946436,0.0048518412033079,0.0146850232147123,0.3553176573191292,0.0224246040842596,0.0162937280155924,0.0349905952508113,0.0122721724770007,0.1356141205452567,0.311867115322815,0
n02095570_4436,0.0044854670622548,0.0124831305707083,0.0049304950798106,0.0029729658051852,0.002552266297419,0.014996474829446,0.0085174985218317,0.0069224259817292,0.0351021971635309,0.0061234790392828,0.0555494397075974,0.0256222193341258,0.0046654909925053,0.0021563477318103,0.0837854539059753,0.7291346479767865,1
n02096294_12418,0.0005278139650532,0.0006423520317358,0.0149866321190983,0.0053748559735303,0.0001354822435579,0.0010334283678214,0.0003103231239906,0.0012457896501163,0.6719598608867638,0.0017893305647039,0.0480496157615796,0.0030381188096958,0.0007209925862576,0.0003822733583465,0.0254782147205706,0.2243249158371775,0
n02096437_1559,0.0009160278752296,0.0014671473079539,0.0035628503659053,0.0025764553255603,0.0001724331446821,0.0006597407958011,0.0021075152059076,0.0024473639026057,0.0252386455886141,0.0006103656019824,0.4995694213774829,0.0037416962262715,0.0009603837027075,0.0005562712763335,0.0279383130294938,0.427475369273468,0
n02097130_2321,0.00273395932908,0.002093461275403,0.038534274974791,0.0012099028595368,9.998051738148791e-05,0.0016861313463517,0.0005435685839297,0.0022904317587498,0.2590586993079192,0.0020304256902223,0.0254160012336691,0.0074278566698821,0.0009531636735398,0.0005948008581738,0.0211540560863982,0.6341732858349715,1
n02097298_8119,0.0001913769917477,0.0002556890337771,0.0129836793968754,0.0010871800905795,7.393286024677443e-05,0.0003950137382238,7.108547997842829e-05,0.000310522093714,0.1382962626314372,0.0007719715957782,0.0633719806415565,0.0006740711600153,0.0001402444000297,5.8987429817184505e-05,0.0285446541108578,0.7527733483453649,1
n02097658_1316,0.0022951843830177,0.0009578744106271,0.0154512115871686,0.0008286412494456,0.000147424239417,0.0029916967479746,0.0079094350477887,0.0014919925452988,0.2858293087062553,0.0008676229340575,0.0072408319298707,0.0110351546390114,0.0006542464124053,0.0008135823962875,0.0194532533238873,0.6420325394474863,1
n02098105_2343,0.0001200468667449,0.0001502549212441,0.0039199053363446,0.0013473221154178,5.788701028335258e-05,0.0001106614659499,0.0008906929408972,0.0009400996601476,0.0922316145333311,0.0011985147791604,0.0182594709348567,0.0035919461075975,0.0012739619671138,0.0006202820413257,0.0662140394366122,0.8090732998829725,1
n02098286_2798,0.0014476488298451,0.0024785078852081,0.0005780324796847,0.0005258314371591,0.0011446576244296,0.0019176777480738,0.0008525942562091,0.0015607098386734,0.049027808215626,0.0015739546150498,0.3198325279579799,0.011389138645661,0.0010901799934831,0.0003658263072779,0.0260614109646832,0.5801534932009554,1
n02098286_4425,0.0062390001223153,0.0018687090179593,0.0323609474104507,0.0091507770391559,0.0004234162529197,0.0029216864333609,0.0010097213258726,0.0039381971711033,0.4529665788808136,0.0056223148229312,0.0559830387306882,0.0114310191142634,0.0046592164128009,0.0013062304784285,0.0357361282151285,0.3743830185718071,0
n02099601_5760,0.0002525197133065,0.0001659794661563,0.0012798499337951,1.7839623156160384e-05,6.7437805939765815e-06,6.747386705430153e-05,0.0001271242774189,0.000120220273708,0.1845506054950551,3.95156090366219e-05,0.0016522227891401,0.0019129679119242,1.470570036487702e-05,3.913187396517331e-06,0.0173549058335692,0.7924334125383238,1
n02099712_4066,0.0064634966916826,0.0008092271679388,0.0032128812040252,6.978292640580514e-05,0.0001280197610516,0.0051274830943873,0.0002680927136364,0.007289570031735,0.0107677284444096,0.0004146373234255,0.0188866103284478,0.0305325605840125,0.0002121431148291,0.0003428735650383,0.0655676153894943,0.8499072776594795,1
n02099849_1285,0.0092454521796484,0.0184257997400885,0.0019858199357791,0.0006319939125733,0.0003521052753279,0.0022639782826813,0.0038546679052757,0.0021933103723129,0.0041459251580199,0.0005961601048402,0.0107935149772305,0.0135300345111767,0.0039018963584514,0.0006234430653992,0.0325148672030849,0.8949410310181094,1
n02100583_3987,0.0022068912125875,0.0001665462151928,0.0071738684280526,0.0006228718150075,4.4594291744029285e-05,0.0020940937815933,0.0129698972819911,0.000449679550439,0.0085337717808752,6.425755799172188e-05,0.0166362711981196,0.009347851041684,0.000255230736998,0.0001203857606657,0.0118173197583724,0.9274964695886848,1
n02100735_10276,0.0004887135620303,0.0001403875259109,0.0007973400575339,0.0025809166963021,0.0001168446605857,0.0002917904804468,0.0003644185868835,0.0063594991883144,0.0530386810236115,0.000880881081095,0.010916431470185,0.0005590590205587,0.0070083097330337,0.0003833983255609,0.0131969517407614,0.9028763768471856,1
n02102040_4392,0.0185705386273465,0.0450755432457783,0.0042542087455734,0.0057662625114544,0.0006456715864939,0.0038385971068297,0.0034369968244613,0.0052074963768162,0.0169944730684835,0.0021233426556925,0.6767584075552656,0.0332650259146266,0.0113201485864888,0.0028799670483528,0.0313691102083906,0.138494209937945,0
n02102480_10156,0.0007234824747045,0.0006744723862124,0.0566621557801909,0.1338875237373692,0.0004477282229186,0.0021987428138455,0.002078362328545,0.0231500601689589,0.117498452339536,0.0410328385324111,0.0247362819573469,0.0140173596239986,0.1159581613521558,0.0446306509642301,0.0570907181588996,0.3652130091586763,1
n02102480_12073,0.0057660434778863,0.0062409058571507,0.0110008047457906,0.0006512240274708,0.0003254190661497,0.0062946724683369,0.004002612116806,0.0019494054406015,0.2249795616601106,0.0003725799672709,0.1054660034599059,0.0134934814527846,0.0044931437966836,0.0004951969350948,0.0174084438405113,0.5970605016874451,1
n02102973_7074,0.0019567414889582,0.0003529365456694,0.0207799273445309,0.0020748020174305,0.0001496856504165,0.0003225086411484,0.0007481724041782,0.0008612717837746,0.1396148820941124,0.0044644027215858,0.0117868152644523,0.0013233815053437,0.0079168346447906,0.0032195104655934,0.0455483712539996,0.7588797561740147,1
n02104029_3121,0.0034272293014171,0.0031536538766551,0.0177813088625872,0.0018797379400052,0.0006605811322865,0.0041386905648892,0.0093052214693015,0.0058264231347249,0.2055204453230703,0.0057870664440725,0.0549823719152827,0.0268851482858367,0.0018502352433868,0.0014270428679514,0.0910507592234626,0.5663240844150695,1
n02104029_7335,2.3306656827205395e-05,6.631519363337923e-05,0.0009608910149912,0.0013146084079544,0.0001507861517245,0.0001081029161132,1.5357190120828066e-05,0.0001755487055318,0.022441983915131,0.0011469105714166,0.0297923052849969,0.000894327950168,7.769856395735735e-05,5.033690667578673e-05,0.3106723333593604,0.632109187211397,1
n02104365_2334,0.0010262047715003,0.0046133857158948,0.0016390381650757,0.002703716398037,0.0003998077296013,0.0014249372050678,0.0039793488111775,0.0014627455376242,0.1548782923831019,0.0011730803072138,0.5028269833204441,0.0029591066265165,0.0007321327932281,0.0007068782848406,0.0314607669365695,0.2880135750141062,0
n02105251_5812,0.0014590760843106,0.0014359339395038,0.0711014239987059,0.0007736607521572,0.0005097901494023,0.0050456070098166,0.0010254878356988,0.0027087563317968,0.0115191166546887,0.0009309028658408,0.0081268346031889,0.0087556114923667,0.0014899047388661,0.0007670155014262,0.0771349392516112,0.8072159387906187,1
n02105505_1156,0.0001308307863495,2.33081308743084e-05,0.0001355087477116,8.374530901644935e-06,4.274494366490204e-06,9.115355916465776e-06,5.843978763663922e-06,0.0004978596082894,0.0021762667803875,0.0001261182181275,0.0001596180619862,0.0003709455188811,8.977618140053454e-05,6.283141591623744e-06,0.0005774231333568,0.9956784533310952,1
n02105641_14112,0.0091668727098197,0.008246205300323,0.0149738880853225,0.002700946466896,0.0044625267285926,0.0026375729041575,0.0326596778976142,0.0086912671153527,0.1195824825817421,0.0075354462813137,0.0529102156622263,0.0168654521947978,0.0237873895133415,0.0026782810115241,0.1074247928750458,0.5856769826719298,1
