image_name,knife,keyboard,elephant,bicycle,airplane,clock,oven,chair,bear,boat,cat,bottle,truck,car,bird,dog,correct
n01514859_3837,0.0005796288323993,0.0002394259309565,0.0102253263261605,0.0009611861485905,0.0001222396948813,0.0006304887503558,0.026849746599283,0.0008439261342674,0.0754913734397365,0.0016460659153841,0.0212297917176002,0.0022361839664069,0.0059511473144829,0.000946751092219,0.7953909989858675,0.0566557191514079,1
n01514859_8222,8.390376934425932e-05,2.8603533732190223e-05,0.00067726090165,8.617466337876466e-05,7.91060429607438e-06,2.9968752502340925e-05,0.0004672850818717,0.0005743472368101,0.0011169813838107,0.0010103753496517,0.0189116982993185,0.0004243236021346,0.0001652628993624,2.939188048287275e-05,0.5371194280149986,0.4392670840266548,1
n01530575_3903,0.0012959226349698,0.0018173734807583,0.0017670955806343,0.0102890654304017,0.0001506869739617,0.0005185967204077,0.0007831756323195,0.1828192101079556,0.001037102993884,0.0019397790609442,0.0076894267331497,0.0130549817665055,0.0012130212762177,0.0009032980021482,0.1944892908463563,0.580231972759385,0
n01531178_2725,0.0141845670041706,0.0034258564144211,0.0106591424116079,0.0004344038271248,0.0040810857917206,0.0046777946515543,0.0005805542896042,0.0024994999478361,0.0018997619134172,0.0045765840649505,0.0046930785845574,0.0101034204395905,0.0014707049966988,0.0008562444075279,0.92180629361258,0.0140510076426376,1
n01537544_8859,3.252966386306522e-06,4.0677093184617636e-06,0.0002505916454146,4.3750367030685625e-06,6.947342902128791e-06,8.350361428273892e-06,8.09591524346939e-07,7.580313871479933e-06,3.8122485557745946e-05,5.336688679285562e-06,6.783328118544884e-06,2.057048204166512e-05,1.7076434127888737e-06,5.371134868221068e-07,0.9990155191564528,0.0006254481347015,1
n01558993_12968,0.0029161382066353,0.0009537501716815,0.0002789867336441,9.319368764055692e-05,0.0003508210358266,0.0034116463503152,0.0002547797101235,0.0018736562259871,0.0002981458431382,0.001012398781531,0.0009781155573442,0.0027704022470669,0.0004003962324508,8.593407583074793e-05,0.9818774490096546,0.0024441861311291,1
n01558993_14305,1.567401114806074e-05,7.232291470896213e-06,1.4354606619918302e-06,3.69335976460038e-05,4.498512498440521e-05,2.0160443242601067e-05,2.7645225290849225e-06,5.038001582445487e-06,0.0001000652920969,1.4668252866823418e-05,0.0002639863634315,8.744612332020286e-05,1.837039113280383e-05,2.0101794254151892e-05,0.9967309843808192,0.0026301539488126,1
n01558993_4297,0.0091209671357563,0.0110003293584543,0.0029213730229439,0.0526788583529916,0.0004811684541488,0.0031195374478676,0.0061301458838415,0.01899408244675,0.0115291811306119,0.0069122928161672,0.0125704700374913,0.020742088605137,0.0035405637482557,0.0008625020132855,0.8266389980839685,0.0127574414623283,1
n01558993_6287,1.351507651574669e-05,1.3077706204602763e-05,1.1059725416681602e-05,4.678001490798166e-06,1.6516012641005185e-05,5.167264631375219e-05,3.844508564738192e-06,2.987604652639646e-05,6.716263209285689e-06,3.831600412097332e-05,5.538983335824425e-05,1.9443327019613256e-05,6.150703666492121e-05,2.816907827795093e-05,0.9993790015716122,0.0002672171620631,1
n01582220_9857,0.0001825519465354,0.0001342394827618,0.0001219122492052,4.270724152634249e-05,1.7353260409532897e-05,2.029395858835544e-05,6.8054083403094595e-06,4.4773153097609216e-05,2.7767322119769857e-05,0.0001519914643566,8.169866976359116e-05,0.0006434042300055,3.840066445839503e-05,1.9475995070774767e-05,0.9950236169133394,0.0034430080404211,1
n01592084_2422,7.618566341531289e-06,8.699164523376808e-06,5.7929864417419973e-08,2.785245887393473e-07,5.605258866830296e-06,1.470983905725566e-07,1.3116389052772011e-06,4.610137726848213e-07,4.349356290070898e-06,2.7509667915462608e-06,9.84521342962602e-06,3.7787610318344777e-06,2.90611799833224e-06,1.717045514391726e-07,0.999903876958998,4.8141725655861265e-05,1
n01592084_3955,0.0279725530828138,0.012520074020789,0.0017413860782737,0.0002792306023638,0.0004779168986982,0.0072150122878234,0.0004393312574647,0.0119736510317966,0.0032753922240581,0.000917400082359,0.0077133499013421,0.0848631824695401,0.0002877924196173,0.0003529159785562,0.8032969753827008,0.0366738362818024,1
n01601694_10499,6.463111162521951e-07,1.201151374912544e-06,4.173437805773018e-06,6.24335503555355e-08,1.661021951625056e-07,3.2840156837095413e-07,5.068118393659751e-07,8.28318313834021e-07,4.102970894804584e-06,7.488369631960047e-06,1.253077750006282e-06,2.1826589849786608e-06,1.59752629401905e-07,1.2945097182611741e-07,0.9993382048890674,0.0006385658623056,1
n01601694_9470,5.542719315053901e-07,1.7770580270265674e-06,3.480834170303289e-06,8.224409783682147e-06,1.34974245444185e-06,6.041242243192698e-07,5.927245317819574e-06,3.223066764635136e-06,4.557418728122288e-06,2.688060691697114e-05,4.193915492440947e-05,4.608964155661893e-06,1.7885122026126129e-06,7.956192839766907e-07,0.9998509068372534,4.338213386113343e-05,1
n01616318_3247,7.317524742698667e-05,3.853454452814997e-05,0.0029823031661271,0.0001409376515722,1.4782898482121238e-05,1.8978414301437484e-05,3.085445974024844e-05,5.492571231886733e-05,0.0073257403208355,0.0003582560533914,0.0007291078654554,4.01735866903093e-05,6.798784877034211e-05,4.1532599086064815e-05,0.9869182589007498,0.0011644507305238,1
n01622779_1364,0.0017530884086107,0.0007936300883993,0.0012922192042422,0.0009666044157585,0.0004371377445515,0.0019363234114143,0.0002704967814507,0.000766955175086,0.0037712027749994,0.0023662143698027,0.0629228601312131,0.0066927241407062,0.0044110350954702,0.0006307711577145,0.6553562519202906,0.2556324851802894,1
n01622779_1961,1.4792855193144365e-05,5.052699713412195e-06,1.4843029539137598e-06,6.367566120132877e-06,2.3928570852522507e-06,7.250590968966937e-06,1.953839765228556e-05,2.12076186728707e-05,6.995862298466761e-05,5.919893421676529e-06,0.0002225679655653,3.8958675942811274e-05,8.15049631756145e-06,3.449587330009903e-06,0.9824736150124072,0.0170992928576707,1
n01622779_9829,9.496499357670696e-09,1.590858214119867e-09,2.2523276997412715e-09,7.872259883858281e-09,1.0460339831355635e-09,3.0071102115025444e-08,3.2096094915707015e-09,1.7066221708809968e-08,4.720786587363384e-09,4.383344672415631e-09,1.8463230792278313e-06,8.091737074970598e-09,1.0877017893753232e-08,3.6363191196400374e-09,0.9999971065555732,9.42807229833828e-07,1
n01795545_1515,3.127946779331215e-09,8.780111014708038e-09,2.9552865312371305e-08,2.0822523342418962e-08,3.2788229066764102e-09,2.3469861074297172e-09,7.564003717795737e-10,4.9606560753569936e-08,1.886495200750141e-07,2.413318440420143e-08,7.1082691206615e-07,1.5527967317239286e-07,7.131242051396928e-08,4.776769096232998e-09,0.999977708410539,2.1018338765105348e-05,1
n01795545_9555,0.0001567497304231,6.0124909367736375e-05,0.0005400034803908,0.0003549723905994,5.880559621771491e-05,0.0003447907480243,2.17976893888233e-06,0.000140134329346,0.0004154124318177,0.0002459405876425,0.0003964291725664,0.0016688843257113,0.0001185299453603,7.088054841535363e-05,0.9894638323420152,0.005962329693163,1
n01796340_11254,1.0290552634993583e-05,1.2002935743858087e-05,3.0383241553798556e-06,3.592321053413699e-05,9.673074289212642e-06,6.035230495511692e-06,2.7398076766293827e-06,1.0679367729785996e-05,4.2313317368513386e-05,5.597489185852844e-05,0.0002332741041901,0.000126526304614,2.5331987761011824e-05,7.0065270277398855e-06,0.9846017256060114,0.0148174647579092,1
n01796340_5058,0.0007673397074257,0.0002295963334783,0.0101453815237598,0.0007968941511852,0.0001345937826468,0.0002813609538381,0.0009193110981863,0.0001836411499936,0.061206483686343,0.0212694453476051,0.1037947663251758,0.0012059853740271,0.0009502528162074,0.0003921690671903,0.716256280897151,0.0814664977857858,1
n01798484_2289,8.887347944943729e-08,3.777427255457974e-07,8.276018835934267e-07,1.0720355566748363e-06,1.079709875646381e-07,1.44850327530748e-07,5.4539896060161664e-08,1.662480196754772e-06,4.970394328376994e-05,1.9299566690914114e-06,1.0288505211111502e-05,8.50056528732911e-07,8.419192824940692e-07,3.370542809128437e-08,0.9997839978269268,0.0001480179916168,1
n01798484_3762,3.085952059874963e-07,1.164876233458889e-06,4.235285083274466e-07,3.3154657642689666e-06,2.2676527654251354e-07,3.3259397349294205e-07,1.9358341969884507e-07,4.379779845376759e-06,4.720813428330651e-06,7.484814107567338e-07,3.6747597317563215e-05,2.022862994326721e-06,1.702357564338422e-06,1.6721181983738477e-07,0.9998974023512216,4.614313601611224e-05,1
n01798484_3874,0.0014487745762449,0.000195374000366,0.0012916309055017,0.0009288737781011,5.21719954687853e-05,0.0002906532537996,0.001656360173837,0.0008340656506077,0.0139047069487784,0.0017693275357564,0.0099497012684427,0.0020885854953063,0.001000680294374,0.0003774079310915,0.6521022466251304,0.312109439567193,1
n01798484_5988,0.0005216941573355,0.000530163429563,0.0012422979498691,0.0034102960490522,0.0002394182208091,0.0036304111339249,0.000455297974675,0.0042657065287531,0.0096516518765337,0.0019400313284705,0.0837272723197494,0.0034959263560614,0.0012315833906464,0.0001916096511782,0.8658445661039994,0.0196220735293785,1
n01817953_1534,0.0053946690995897,0.0015460998003077,0.0070883670776352,0.0001565952449215,0.0001095743232903,0.0011920816207987,0.038926427161568,0.0022918598259428,0.0272791614418981,0.0005204323513435,0.0140901141726321,0.0046159429275698,0.006261113821512,0.0001680585798694,0.0758655518104252,0.8144939507406953,0
n01818515_2312,0.0013061100651227,0.0036231998296556,0.0088296519953127,0.000478027063235,0.0029126990053032,0.00214884181693,0.000549399344943,0.0019772548434008,0.0050050751037357,0.0035542966932555,0.0062536717515839,0.0022690602186646,0.0012290615314921,0.0008468203998287,0.9517830251800614,0.0072338051574743,1
n01818515_7947,0.0007481891868047,0.0002335446032752,0.0001788511745878,0.0002674169706905,1.1283073293788883e-05,9.439277394874164e-05,0.000207151311404,8.574059938531493e-05,0.0003352425148149,0.0001260222269989,0.001207709604929,0.0008214661271183,0.0001057175122907,4.963818575144536e-05,0.9845784751516956,0.0109491589830108,1
n01818515_8968,0.002613963876553,0.002009295661799,0.0272256040747915,0.0966908881907766,0.0005941945393735,0.001527327399852,0.0170033612216206,0.0057589444245579,0.0178223258873575,0.0031664844992702,0.0486862666638112,0.0379318320936806,0.0050735338852983,0.0006795330698498,0.6705577735407575,0.0626586709706499,1
n01819313_3638,0.0039786099334377,0.0002456550604522,8.540241625702603e-05,6.0868539726007315e-06,1.3981052594489357e-05,3.738648481510855e-05,0.0001438904571004,0.0006199615140394,0.0040450523350558,0.000160676869543,0.0015503637833321,0.0009332219942795,2.7095119060676063e-05,6.290501698384171e-06,0.9844581935783342,0.0036881320460269,1
n01820546_1354,1.6885612587550417e-05,1.2059802594567764e-05,0.0005131176996475,2.7636311195828345e-06,2.3477289707346335e-05,1.1561212354905998e-05,1.067930929516094e-05,2.5616010000956477e-05,0.0141403072641135,1.1759267263341138e-05,0.0009739426990632,5.53208710172033e-05,2.0912202430298248e-05,1.974369763312894e-06,0.9831568382459296,0.0010227845131118,1
n01820546_4631,0.0058340511811908,0.0073447510507168,0.0015527032475533,0.010710429495029,0.0002766798331669,0.0075390345464544,0.0018115843830781,0.0073220710016383,0.0125819656579456,0.002685249435273,0.0113642940898875,0.0165896899581515,0.0018084460499273,0.0005266676302782,0.8826899409086638,0.029362441531045,1
n01824575_2244,0.0011846676038377,0.000757190764469,0.0031344365408352,0.0039590188498803,4.584557148910231e-05,0.003718633943224,0.0006977378340427,0.000817323613875,0.0196489233496825,0.0005731798257287,0.0079058624720224,0.0048109371861063,0.0014352768577502,0.0004294024112256,0.8663565943593546,0.0845249688164761,1
n01824575_2746,6.031814718064656e-06,1.4807303924443228e-06,2.2243885728343333e-07,4.919242890345512e-07,7.876766153189426e-06,1.1233124142522325e-06,3.060228441844502e-06,2.709457092139378e-06,8.151943925295446e-06,2.659870682842793e-06,2.990594492749594e-05,5.62054878063858e-06,2.2612682016978548e-06,1.5122048341925313e-06,0.9991768879654556,0.0007500035808341,1
n01824575_3514,0.0029946386501705,0.0025761154910721,0.0083672562743342,0.011163519817996,0.0017767103597675,0.0129236568975123,0.0009828137960824,0.0351828942194071,0.0286275192992189,0.0086624598619306,0.1612374424331858,0.0368895392417563,0.0061938077076532,0.0018007354725768,0.5534864139472888,0.127134476530047,1
n01828970_2030,3.044171748402009e-06,6.609991553793632e-06,3.0183959205932628e-05,2.3992004898448576e-06,1.3404522514875558e-06,1.0659620178092486e-05,4.215382632243639e-07,3.1354411428289277e-06,2.197834872587957e-06,5.083686450069633e-06,8.519973138455276e-06,1.013002871971495e-05,5.699035016205121e-07,6.596687075269584e-07,0.9998009764452412,0.0001140680845353,1
n01829413_4190,5.577318769814468e-07,1.7483953812059511e-06,2.057792396387277e-06,5.036713500550189e-07,3.58318140978389e-07,1.7108885207480382e-06,2.4472321954727097e-07,7.47089735575109e-07,1.7478543316071462e-07,2.338910924131933e-06,1.2527265550255518e-06,4.043299755623244e-06,1.1065377657209383e-06,8.577049254677844e-07,0.9999694754601158,1.2821963903542832e-05,1
n01829413_5505,3.3115315224822592e-06,5.404833855241025e-07,4.609336874337965e-06,7.036692215216956e-07,1.8116784245715103e-06,5.532994926341411e-07,1.1718613840744045e-06,6.709978258036523e-07,6.322450693503568e-06,8.290644902275303e-06,3.4074810070698123e-06,5.87642826771367e-05,2.9593218987740113e-06,1.8044243460346397e-06,0.999864049524506,4.102901183810314e-05,1
n01843065_7445,6.886515205951882e-05,6.073338990460011e-06,1.3133897404716843e-05,6.275017147904648e-07,4.722457181573647e-06,6.086605895502785e-06,9.996446937610396e-05,4.7225837612558245e-06,0.0004941530439846,2.8767286178702017e-05,0.0002258514075196,1.6176229126882146e-05,2.0748674799761593e-05,1.0964131522209249e-06,0.9984376355125496,0.0005713754263046,1
n01855032_5743,1.151691172959128e-06,9.142422046791316e-07,8.51541150909562e-07,3.505823800478415e-07,5.55266310028398e-07,7.326245252602716e-07,3.626598858093302e-07,4.052462711191332e-07,6.636006898744082e-06,2.9394929264874675e-05,3.5221119984048032e-06,1.8099667560534473e-06,4.1620041203154925e-06,9.730146091478415e-07,0.9997351125366888,0.0002130655757629,1
n01855672_7426,7.46896448417447e-05,2.510632971228599e-05,7.502681257631043e-05,1.4967944641903654e-05,1.5461823087300553e-05,1.1173936586791292e-05,1.2910713936294383e-06,3.6140341339650734e-06,1.9232111048142383e-05,3.9202534913879814e-05,3.096385584683078e-05,7.217137428565277e-05,1.4751762303221982e-05,3.189628171164779e-05,0.9980768065856014,0.0014936438973152,1
n01860187_210,1.3634126339698235e-09,5.710061584331152e-10,7.355950584672187e-08,9.371066212558645e-11,1.844885331581395e-11,9.613466433816878e-10,1.385163300388115e-09,1.2056839864434215e-09,5.1216552153250664e-08,1.3848627396578904e-08,1.1356772281094581e-08,4.925219346563691e-09,1.4675626774886021e-09,2.283019687319323e-10,0.9999997927646826,4.503400347286092e-08,1
n01860187_38598,9.142509707774713e-05,1.3221360792850812e-05,0.000609525066761,4.3716982302025995e-05,2.8167491852950746e-06,4.245296506730138e-05,2.5575119824035448e-05,3.308107727421135e-05,0.0008082217368626,9.452643783563668e-05,0.0008849405420064,0.0001791879830766,1.8033565440706764e-05,6.596809115946372e-06,0.9937086192019728,0.0034380593054047,1
n01860187_7878,0.0140567875691598,0.0048739937834183,0.0054470233021169,0.0292677077893479,0.0009144245553559,0.0010245737251721,0.0336723458503642,0.0142894296501944,0.0036151804962811,0.0098217588279921,0.1464705645289189,0.0432378369526222,0.0116403139801013,0.0056904622555378,0.646186618366751,0.0297909783666654,1
n02002556_139,8.627865590631101e-07,9.35486396729102e-07,4.144678570349243e-06,2.1796329648383365e-06,3.156171022991887e-06,5.061558150619051e-06,1.6823707839366477e-07,1.0574994803562378e-06,2.5674923829606084e-07,5.765055102922645e-06,1.7113715915713337e-06,1.7449523477883648e-06,2.9998034609716403e-06,8.915098941225768e-07,0.9999438140946824,2.525041345855747e-05,1
n02002556_17975,0.0010148555935103,0.0002960122288763,0.0034536070046329,0.0111364939241562,0.0001115425993469,0.0020787790576332,0.0008439859624823,0.0028425183497299,0.001356716838964,0.0034773507564217,0.0023395467977183,0.0021882949556959,0.0042281782135784,0.0005512228061072,0.960944125455604,0.0031367694555415,1
n02002556_1936,5.7052700585310344e-06,1.7943074949585574e-05,2.4115117929553775e-06,2.5574573388925717e-06,3.7096196855586735e-06,5.1501102171670384e-06,8.830567487742872e-07,2.5479836392734457e-05,6.2285440404667976e-06,1.5271070370259192e-06,0.0002267833220564,1.233683436886753e-05,4.300835904225803e-05,3.533133527609219e-06,0.9761144936296814,0.0235282491330616,1
n02002724_1654,6.496390584587271e-06,2.277456768262712e-06,1.2966983185379668e-06,6.51417071938341e-06,2.944968267570745e-07,2.599893695019418e-06,2.1999997487784458e-06,5.269757197324923e-07,7.057215385780561e-06,2.587219839837024e-06,4.993614164150714e-05,5.8651060428326474e-06,2.1305341880951914e-06,7.782575913115756e-07,0.9994266633467488,0.0004827760961806,1
n02006656_11301,0.0002902091033769,0.0006874819505192,0.001406682628211,0.00017443053677,9.774051853362708e-05,0.0006100551547551,0.0003823014299815,0.0008045734546976,0.0134802145565101,0.0053676274131978,0.0092451896517797,0.0028024291413166,0.0003786605406279,7.323933156417581e-05,0.5669026147873175,0.3972965498008405,1
n02006656_30849,4.9232749473124545e-05,2.92178942162511e-06,0.0003026606505695,9.361667511109168e-07,1.2155345188060322e-06,2.9276802588046153e-06,4.1429551985390947e-07,2.190600390162687e-05,5.5269990758606127e-05,8.464367649867848e-06,0.0006645460746872,0.0001032290947976,2.351263758006716e-06,1.0750024552472078e-06,0.997449729318408,0.0013331200170708,1
n02007558_7614,9.59206632142396e-07,3.6024318852824005e-07,1.051265850409478e-05,4.189597978339474e-08,2.231142160920522e-07,1.3464487938863294e-07,2.6219048098216984e-07,3.1681923248613306e-06,1.3774360688467006e-06,7.70328256040193e-07,3.569853082063589e-07,9.706065362529105e-06,9.72661290789712e-07,3.959754744715432e-07,0.9998772827658816,9.347563615159188e-05,1
n02009229_2294,1.8009347897611517e-07,9.359361780893944e-07,1.2204104348588151e-06,5.724734101681906e-09,1.3345766271019928e-08,2.883475970939233e-07,3.7134150239642725e-09,3.940282679965679e-07,1.809710138082854e-07,1.3449034225914778e-07,6.331006825272484e-07,5.580309664462348e-07,8.690407295582487e-08,2.5072951428158743e-08,0.999971502245485,2.383758461316223e-05,1
n02011460_5735,0.0258343637457069,0.2916650145974916,0.0137928398118098,0.0080738660320411,0.003977795154716,0.088012509527646,0.0269403499870904,0.246708265975647,0.0076230388287098,0.023645451483988,0.0166079199556404,0.0710352942760353,0.0635819975408039,0.0143994008389723,0.0338298354158098,0.064272056827891,0
n02011460_7877,0.0003396931311491,0.0017981054302539,0.0003554107197998,0.0001033959938261,2.6853211457853745e-05,3.7079596266827825e-05,0.0006175319704587,6.737255646526924e-05,0.0005817980049644,0.0011079380572476,0.0030891122643799,0.0002982094303016,0.000595571984382,0.0005111358329511,0.957025888948942,0.0334449028671533,1
n02013706_1024,2.171599653244694e-05,2.4631749566645103e-05,4.482259625196329e-06,0.000107094967541,6.378895551045934e-05,2.6293703689993727e-05,1.194088776535351e-05,4.05910621512761e-05,0.0001666382295211,9.561546994037166e-05,0.0002431504657167,0.0005137539700477,8.703148309112842e-05,3.134589034391922e-05,0.9978914447216936,0.000670480187263,1
n02013706_6035,0.0001305317927094,0.0008081671634255,0.0076166235897528,0.0003796328930748,0.0022337451428275,0.0002694371030843,8.272336864106695e-05,0.0002119935695265,0.0007540622607382,0.0010467779674889,0.0028533574357484,0.0004650459284258,0.0015955103712393,0.0002488238391505,0.586954137178367,0.3943494303957993,1
n02017213_15262,0.0006109143731687,0.0036120373805154,0.0001539931984037,0.0003240887739184,0.0011168866002533,0.0009386235724594,0.0004485091961298,0.0044964008310387,0.0007033908631765,0.0096849305998207,0.0002045246419453,0.0013233216972066,0.0003504541500722,0.0001152081505679,0.9732823965772832,0.0026343193940394,1
n02017213_17013,0.0009910872708799,0.0002574904661246,0.0026298804064185,0.0025943887970673,0.0018160906220206,0.0001007863622335,0.0138733600934427,0.0003346358374007,0.0018813711284831,0.0084848423735174,0.002156615884612,0.0018183776234237,0.0006614227282876,0.0003852781343576,0.7614889916943559,0.2005253805773739,1
n02017213_4855,0.0001705389037182,0.0001876872872279,0.0029952685511904,3.656561843631575e-05,4.831553080921792e-05,0.0004830848645243,0.007706830966954,0.0007209718237602,0.0035814155718973,0.002441283880047,0.0017848571735643,0.0021013616914133,0.0024244349745686,0.0002841736473386,0.934159941606948,0.0408732679076016,1
n02025239_2481,1.0321211469469845e-07,9.480077077254601e-08,1.9682753853657343e-08,1.6740778059653506e-07,3.9840115163606126e-08,1.918871013199694e-07,1.7626007679814554e-07,1.5689848027465432e-07,1.009500868270884e-06,3.1837369209407552e-06,1.424526341436809e-06,1.0510471573940823e-06,3.132681567320474e-07,2.9272059498137282e-08,0.9999099326773512,8.210598195106534e-05,1
n02025239_3073,8.169466889824296e-07,1.181087681686476e-06,2.505688856212018e-07,2.130044868635775e-06,4.762159621841018e-07,2.489348388612593e-06,1.7056048582856588e-06,4.143056555765479e-06,2.2058611880936735e-06,9.64066602004684e-05,3.550222024589886e-06,1.3251902516140964e-05,3.1116353485120262e-06,1.245973010556565e-06,0.9998299380450134,3.709682680846627e-05,1
n02025239_7274,6.976337658666265e-07,3.0118970900919214e-06,4.0380934711857095e-06,1.8671214503432751e-06,1.8715970961987594e-07,6.852248879786605e-07,9.198478862670288e-07,2.1152255007128115e-06,2.4351819290550168e-05,2.7573365464126347e-05,1.2628162447327798e-05,1.035242525609652e-05,1.154322235296606e-06,6.345863804622024e-07,0.9996194741382098,0.0002903089769542,1
n02027492_1678,6.588549245118603e-08,1.1651504662192172e-08,9.739965317289251e-10,4.424994476092853e-09,5.1998241953014475e-09,9.339422173353477e-08,1.1265816457562913e-07,3.692311047364569e-08,2.725651718499022e-08,6.419941948812109e-07,4.08483347400886e-08,3.93340531968762e-07,2.471873705610088e-07,5.9050666351889344e-09,0.9999975096512016,8.027054734891675e-07,1
n02027492_20576,3.626728738710338e-05,4.431985768541084e-05,1.0292039444844584e-05,7.225113210809186e-05,1.2246042088870267e-05,0.0001743429940885,1.5128001912854938e-05,0.0002914576820714,7.24828835693142e-05,0.0001257242103797,0.0001024962309706,0.0003640155687537,9.848697627880372e-05,2.4510134351079135e-05,0.9973111008039665,0.0012448781549431,1
n02027492_2457,1.098725222356084e-05,5.243036627480195e-06,2.2682028528403433e-07,1.8825119017022255e-06,8.25499030128513e-07,3.040785558420481e-05,0.0001418067818272,4.8009113420628826e-05,2.1679566420082796e-06,5.253204838281406e-05,2.0487421647061503e-05,5.122795910549368e-05,1.863075697329507e-05,2.251862164176282e-06,0.999548729145423,6.458397876185915e-05,1
n02027492_9899,0.0002789431695424,7.606372899389138e-05,0.000174141334174,1.0123334739915915e-05,1.4014436576971269e-05,0.000399786057111,0.0002210396578139,0.0008400527297444,0.0001625254423754,0.0002890435148611,0.0012541128663924,0.0019930427809393,0.0002749689464794,2.4114690140063224e-05,0.988946641311855,0.0050413859982602,1
n02028035_23375,0.0002099784025656,9.608086241326572e-05,0.0012839167255052,0.0001280055237524,0.0003277578842341,0.0001272218829705,0.0009383452537028,7.35124356181093e-05,0.0060880579590719,0.0273364691880954,0.0016347778149819,0.0007411122769488,0.0016683170148783,0.0001685004800686,0.9491440738310876,0.0100338724641048,1
n02028035_26229,2.140115183604213e-05,5.571700350468762e-05,0.0001773738237859,2.996873967393668e-05,0.000160809427581,1.1713707988231966e-05,1.73321567560371e-05,0.0003337964081182,0.0001041423063489,0.0004339577777245,0.0001752517030106,6.778596167507694e-05,6.555194790938579e-05,1.0598381885384535e-05,0.9771899347833194,0.0211446647188826,1
n02028035_4569,5.971628129509684e-07,4.51647695038619e-07,8.605904852403925e-07,3.362601999109071e-07,3.1927673458478035e-08,2.441371298522354e-07,1.932590103852475e-07,1.5083882511199626e-06,6.696797246320543e-07,8.041484492882357e-07,2.590876501387366e-06,6.324109882257047e-06,7.255791145631485e-07,1.545003256813039e-07,0.9999576822852057,2.6825447538591413e-05,1
n02033041_17119,4.4366452868368337e-05,2.5539837912694528e-05,0.0008703675322583,0.0001577483801256,9.460877078508714e-06,6.848792203850213e-05,0.0001009147680495,0.0001604177269198,0.0005433979710049,0.0004584625630518,4.7812222957783755e-05,7.752685631227123e-05,0.0003779979466573,1.1523679131335505e-05,0.9967881158817302,0.0002578593819026,1
n02037110_3267,8.132649407526438e-05,5.255998540591435e-05,0.002977611380537,0.0057085335381735,8.603104503112876e-05,3.70050526359452e-05,8.12258064998829e-05,0.0006041105563607,0.0011110938618696,0.0237766324738918,0.0011488831175567,0.0002328831363436,0.0001845394235894,0.0002135664297433,0.8508530122995466,0.1128509853987393,1
n02037110_3653,8.909493193814104e-05,0.0001635506051002,0.0009144000274321,0.0012584445559724,2.1308340533308068e-05,2.296986602674453e-05,0.0001048549240391,0.000411288906933,0.0013271789260995,0.0025979566352688,0.0003047979568139,0.0003555585557028,0.0001547268892055,6.78290604317918e-05,0.8134731419471979,0.1787328978713042,1
n02056570_1691,0.0180207280417063,0.0996252692776695,0.004116968215991,0.0017076040284061,0.0004203193890787,0.0036851967043862,0.0052864632633621,0.0252495348616182,0.0137160833305413,0.0060356293880194,0.008790218609076,0.0225961792054023,0.0147681123032507,0.0031102389017115,0.0784330201281678,0.694438434351612,0
n02056570_727,0.0068511382213665,0.0215612616810807,0.0518260496907007,0.0055497158206316,0.0065166958925229,0.1026778876924165,0.0007719584003471,0.02959694568886,0.0052103720264522,0.0296701855041615,0.0045370407119338,0.010246429925939,0.0072552606661962,0.0014465044258388,0.6055991557711944,0.1106833978803575,1
n02085936_5775,1.6523017076071297e-06,5.9313572565143926e-06,9.07136735980306e-07,2.764018519553585e-07,1.0224578714042764e-05,1.6934307738885767e-05,9.869439718646817e-07,4.76497055426495e-06,1.6901490060170293e-05,3.710803177645885e-06,0.0054145606140932,1.604807045083204e-05,1.2615196485163475e-05,7.877527196845384e-06,0.000138403266827,0.994348205033178,1
n02089078_8273,0.0282660646706245,0.0080206698833688,0.2475880517466822,0.0202828705198635,0.0084951155446537,0.0161547093053472,0.0214906242698246,0.05187695003735,0.0324807876679395,0.0177161425103188,0.0517270493707943,0.0586007331842545,0.0551440438261753,0.0201664571922335,0.1925086236335678,0.1694811066370008,0
n02089867_5477,1.1550787732992276e-05,2.5777114778987947e-05,5.401127953665617e-07,1.099333638332808e-05,6.772801783330748e-07,2.1749096590309422e-06,6.072522021579227e-06,0.0001858180168799,2.0432359270204437e-06,2.6632905137758542e-05,0.0005921706234893,2.516781553536178e-05,8.926061565202876e-06,2.0617372711057384e-06,0.0020444935312627,0.997054900009382,1
n02090379_1687,0.0280187604077024,0.2167735485262787,0.0073826676809637,0.0030688710133211,0.0032357295347793,0.0389915600558874,0.0040554032574569,0.1511060580912851,0.0018185570455017,0.0035023866797856,0.0683849582209146,0.0829638284373161,0.0623570208980631,0.0446705298509937,0.1234633024423921,0.1602068178573574,0
n02090379_1932,3.508600447331448e-05,8.026438827130208e-06,8.863283370302508e-06,6.164507505227093e-07,1.7192536259179904e-06,2.0664618284610875e-06,4.997238355250636e-05,1.2540994343397037e-06,0.0001487505593584,1.1960088509573384e-05,0.0008473624792025,3.372936378697439e-05,6.015900907574408e-06,2.0288093729690053e-06,0.0007601175592798,0.9980824308637196,1
n02090379_3045,0.0001981904964877,7.969520747184282e-05,0.0001054441547254,0.0001211843659127,2.8748090744817364e-05,0.0002440271697676,0.0001005261272936,0.0002500989413667,0.0030935109932887,0.0003621227858173,0.0023436147278951,0.0006614772703456,0.0001347333565697,9.77967014032254e-05,0.0011897386299868,0.9909890909809224,1
n02090721_5305,0.0006355357202639,0.0005190945950905,0.0032220269292821,0.000172619819218,6.727667855757689e-05,0.0006817171398453,0.000197620833398,0.0003190316632536,0.0650403586857369,0.0002602204407764,0.0470488271144092,0.0014228898018048,0.0002621268756317,0.0001703926244633,0.0143433755549064,0.8656368855233616,1
n02091032_6740,0.001986693947106,0.0002295955468484,0.0018049508795992,0.0007850227494066,0.0002822972361135,4.547186760629531e-05,0.000390299033245,0.0008198857864299,0.0003879281866139,0.0110607194487188,0.0010283333122328,0.0041461045656825,0.0037708684380437,0.0002092378030494,0.6869001418815931,0.2861524493177102,0
n02091032_7280,0.007922717522334,0.0060117033006177,0.0006589662277792,0.0005797849288464,0.000708502370997,0.0144169074671387,0.0001784263797867,0.000999361469571,0.0204659126059264,0.0095672768934864,0.5667024810142921,0.0259738254817501,0.0005883675746109,0.0001591010882965,0.0591608949655796,0.2859057707089865,0
n02091134_12017,0.0006423734367407,0.0006576714866311,0.0081541802642573,0.0034606978958057,0.0001292357130612,0.0016857105459568,0.0005852547402002,0.0021908222144659,0.1902483843486742,0.0169395772473558,0.1576486735964373,0.0113396789223771,0.0022356394542783,0.0008802614480976,0.2037915387351555,0.3994102999505047,1
n02091134_7486,1.3270168937593294e-06,8.748970390937525e-06,5.320621838161896e-06,2.886929383597831e-06,3.230804553640461e-07,1.795136994530092e-06,8.051136978199288e-07,9.313870564975806e-06,5.585029164985533e-05,1.5945896486740732e-05,0.0222917469969972,1.505445542126711e-05,6.290274839166935e-06,2.257103542990634e-06,0.0002026786905435,0.9773796555503,1
n02091831_6436,1.676973755916965e-05,7.104079019528785e-06,0.0013454599160138,1.486014008311515e-05,5.987128640052327e-07,9.872777112920265e-06,1.4390831304932746e-05,3.569160884942377e-05,0.0004724783715891,2.7889614509505137e-05,0.0004614872182123,1.742957317918057e-05,3.8198427237752245e-05,9.647579858956144e-06,0.0038121584350944,0.9937159629775116,1
n02092339_3174,3.426990781319993e-06,8.816218054701981e-07,0.0004576724192192,1.965705041418539e-07,6.453248293762794e-08,6.542628054375852e-07,6.711119726267975e-07,2.763875227589526e-06,6.382420075886205e-05,2.4708699795518877e-06,2.9385150487738885e-06,2.5285410801502056e-06,2.392865441764053e-06,4.969419880018102e-07,0.0001245266667417,0.9993344900141624,1
n02092339_7356,0.0001246416138497,0.000161173973231,0.0005799013400155,1.961794076961598e-05,2.1660580036297048e-05,1.7626913841696583e-05,0.0003780357094621,0.0004926583285852,0.0009912422487123,0.0003526501099955,8.667191107917017e-05,0.000121437705726,0.0001058391884688,4.8321770806325825e-05,0.9948988712371174,0.0015996494283029,0
n02093256_12628,0.0049905473250239,0.0010094453694945,0.1831407627688583,0.0010812812244226,0.000190299222716,0.003676180513282,0.0018381551397112,0.0070617881225785,0.01071546154525,0.0006265258027655,0.0200322652722815,0.1088829176309384,0.00214735949929,0.0004088600648722,0.1859296650458441,0.4682684854526706,1
n02093647_1494,1.0383407827822129e-07,9.269271036189267e-08,1.350125821719415e-06,2.4364117149501646e-09,6.515103862711853e-09,2.1653205032987173e-07,1.578320632129833e-07,4.003257692433029e-07,0.0002709498281066,8.79416649941315e-08,1.5316836525691694e-05,3.6268899052412193e-07,1.5697178732698553e-07,4.767642933834446e-09,8.891009192391614e-06,0.9997018996620808,1
n02093754_5012,6.075141076418693e-05,5.1595257498806894e-05,2.4330259199793e-05,7.248770745605135e-06,5.486318402009649e-05,1.7134629122997545e-05,1.672551543420927e-05,4.1156631677382354e-05,0.0046011052769767,7.508275235485306e-05,0.0085319527304686,9.128464627919877e-05,0.0003375694760667,1.5893481931583353e-05,0.002152232288304,0.983921073689155,1
n02093859_2564,0.0020392167741947,0.0006287085292714,0.0080928576203538,0.0050768405611889,0.00014863560083,0.0062101623333967,0.0047610974018672,0.0038679418495442,0.226204685167356,0.0013134487901461,0.0106270768491806,0.0052453474445904,0.0020747284222742,0.0010131442698269,0.2214062666424179,0.5012898417435604,1
n02094114_7024,0.0254122955329879,0.0408462790285437,0.0023027691344079,0.0002053461940379,0.0025433508715355,0.0283066023501142,0.0293553966079594,0.0246673341135148,0.089883298284158,0.0231224200217379,0.0115189200038772,0.4780713913919603,0.0055921208274914,0.008844565170251,0.1939462451855062,0.0353816652819155,0
n02094258_1036,0.0708263105205301,0.0079818100161555,0.0079982232633946,0.0088198197890408,0.0014228863413637,0.0480513725673224,0.0008138262919535,0.0026601429204965,0.1962894245316598,0.0141890852546631,0.0328002362916305,0.2083574426004462,0.0041004006619221,0.000560123052472,0.1607623332824252,0.2343665626145232,1
n02094433_5663,0.0026826769546874,0.0057147569554206,0.0014180159702942,0.0016850970828246,0.0009165060277033,0.0103854975193225,0.0035299581033964,0.0018037878711543,0.0632200026207776,0.0061216705548343,0.5362402983566822,0.0022266234875175,0.0063082008882244,0.000914358444756,0.0219374878930106,0.3348950612693933,0
n02095570_2773,0.0146659136523215,0.0012963660083348,0.0112513167430673,0.0033838311739195,0.0013211847706446,0.0012944889376445,0.0020891133429932,0.0025462190554155,0.0331612420142779,0.2539873550519422,0.0348481747986349,0.0035384617060277,0.0132016459183638,0.0034984845955749,0.1265372905676082,0.4933789116632288,1
n02095570_4436,0.0157986292877628,0.0104423661286455,0.0001997262308328,0.0001215803577854,0.0007929305657105,0.0052626200165301,0.0010558587200637,0.0077268836775422,0.0031754690104737,0.0030867530752189,0.2721651106362232,0.0169593578822215,0.0037124320889034,0.0010020456109089,0.0194375947927144,0.6390606419184619,1
n02096294_12418,4.211381689452933e-05,6.377453182631826e-05,0.0006439383142,0.0002261963004974,9.467727377603091e-06,3.954027796238346e-05,0.0001593920059235,8.860669419617418e-05,0.0054536269968406,0.0001024456978701,0.01809185568646,0.0007269613099101,0.0001219833847122,5.4255642074411374e-05,0.0150850051575318,0.9590908364557224,1
n02096437_1559,1.983905505055671e-07,1.565132665687717e-07,2.075097823124181e-07,7.0912727199912e-08,3.1631068424321687e-08,2.325145297280097e-07,2.7913098306864293e-06,8.769577159431241e-07,2.127241769041366e-06,3.342103490929308e-07,1.1693807220945113e-05,1.5553649209880544e-06,9.64251611534695e-07,1.3462517601737773e-07,4.473395211488518e-06,0.9999741513642696,1
n02097130_2321,6.536181998418023e-05,3.190487940634253e-05,6.791623025476963e-05,1.4984953408991974e-05,7.476508380970549e-07,4.5994271578026445e-05,1.8039188623314943e-05,9.414632866269324e-05,0.0180276875288327,7.615402133756652e-05,0.0020264181312563,0.000173862063558,7.64359706508335e-05,4.748708771006129e-06,0.0011493104429426,0.9781262878098944,1
n02097298_8119,0.0001118271082477,0.0006355964180586,0.0013373031720303,0.0002245438234113,2.9177658738955204e-05,0.0006911705426351,5.484069098095655e-05,0.0005976373395879,0.0027435478633387,0.0010934807008408,0.0227007736268685,0.0013390821836256,0.0006911999344144,0.000171280037623,0.0434632732020142,0.9241152656975834,1
n02097658_1316,9.93658691970139e-06,1.14685180506233e-05,5.149004784283211e-06,6.060065232701555e-06,1.1187928803441097e-06,7.1014668026698575e-06,8.501430714193847e-05,8.46356688840424e-06,3.6597897264544594e-05,6.098067653164463e-06,0.0023181111835007,8.792317037820134e-05,1.296637998232806e-05,4.086072352600288e-06,0.0017940524933181,0.9956058524268496,1
n02098105_2343,8.717295287481768e-06,3.3294254955371253e-06,4.33495706781242e-05,1.1677780328314035e-06,1.2783787684737037e-07,1.4335355501391712e-06,7.431841049686985e-06,1.0939497636746424e-05,0.0109423517393118,1.5468155872877331e-06,0.0014436053681747,3.504467196543022e-05,2.0389262026970828e-06,4.325305398595717e-07,0.0003759152784998,0.9871225678881108,1
n02098286_2798,1.2649238642683225e-05,1.004749856536633e-05,3.37502543100686e-07,1.837121373270893e-07,1.7117771321845603e-06,3.665827299804959e-05,1.3225350377757305e-05,9.514291700139773e-05,0.0009141436757184,2.851789752373589e-05,0.0027990462133013,0.0001232522518791,1.3317795829464038e-05,3.196195995296374e-07,0.0001781957419045,0.995773250534846,1
n02098286_4425,0.0036449199732105,0.0011997858379577,0.2120385162695823,0.0212923440437191,0.0005504934896343,0.0043787679813543,0.0018085205246691,0.0082513568759145,0.148825131967512,0.0161199372709644,0.1324824519755923,0.0072040373817172,0.0085786173469712,0.005172929603342,0.2003057372209195,0.2281464522369389,1
n02099601_5760,6.746017127659226e-06,1.453171354016714e-06,2.8421071914472476e-06,1.8954851935599718e-07,2.1010544172004066e-07,4.672361701218113e-06,1.8466547851097935e-05,9.65462018835588e-06,0.0012180700514993,1.3729424009047454e-06,7.862321165312044e-06,1.4365696479869002e-05,7.568074492675714e-06,3.762274684361021e-07,6.820464776363632e-05,0.9986379455593548,1
n02099712_4066,0.000106638045753,5.776927580367826e-06,2.6119919557737473e-05,2.0646414117783107e-06,2.85250697343434e-07,6.339262231796407e-05,2.704236580261074e-06,7.560024649702933e-05,0.000458096995217,2.909687178349405e-06,3.260288373929554e-05,0.0001490780379129,1.0015887836423803e-05,3.6339684426664946e-06,0.0007512696340993,0.9983098110151783,1
n02099849_1285,0.0004626166595745,0.0017936284738599,0.0065948809315029,0.0001666415990137,2.1833724706724812e-05,0.0007393619004161,0.0007457273808962,0.0008085338624863,0.0005122662781448,0.0007145970943764,0.0048482157052332,0.0043740013331175,0.0004131414685496,0.0001622204932439,0.0390656845266372,0.9385766485682404,1
n02100583_3987,0.0004261362209764,0.0016747457299581,0.0049148578812219,0.0009078823486704,3.764826316224952e-05,0.0011422559559873,0.0011199512706961,0.0075282251209226,0.0049685759075901,0.0006569685271199,0.1381071854015282,0.0040275529381767,0.0007366593878821,0.0005172976877276,0.0213836204364012,0.8118504369219783,1
n02100735_10276,0.000689574361661,0.0001103772462319,0.0010748644024752,0.0081638563417327,0.000179595319939,0.0005410069386724,0.0005355588858524,0.0013111755539144,0.0785121621751056,0.0014855551661535,0.4426937807693429,0.002464973822855,0.0010859219538053,0.00017893762752,0.0510829649584461,0.409889694476292,0
n02102040_4392,0.0006134528153715,0.0010039759594908,0.0007424266357913,0.0001874248852416,3.5158442512064424e-05,0.0002662925367126,0.0010254270327113,0.0009452011233469,0.0112267264145028,0.0003128833037397,0.1833940915955476,0.0200116499650584,0.0003965324363729,0.0003270943381608,0.2730706743767515,0.5064409881386874,1
n02102480_10156,0.0006480230832464,0.0002261050709916,0.045039574322686,0.0978318546873736,0.0014684636816017,0.0004907983219387,0.0012846285573417,0.0095521085107407,0.0062817841570572,0.5024198145580399,0.0073882248653926,0.0044549809467667,0.0202578248256199,0.0046664185052187,0.203511471805802,0.0944779241001819,0
n02102480_12073,0.024404041472775,0.0670366953715361,0.0142717229706207,0.0035173000130488,0.0029036563649928,0.0174853644419259,0.0133164812622535,0.0023306560512366,0.0837831001838215,0.0045135335879984,0.1930532781661106,0.0548014274704109,0.0117193018732259,0.0030707893902347,0.042562073214577,0.4612305781652312,1
n02102973_7074,0.0016595935290869,0.0015224682456112,0.0777533699611413,0.0059994762331924,0.0014351084697006,0.0009276764128403,0.0011764262653301,0.0063543207066157,0.0352303430383207,0.0253729498584287,0.0692303371320223,0.002564390705018,0.0927029523430476,0.0106461529176253,0.3592631541155188,0.3081612800664995,0
n02104029_3121,7.592158662920869e-05,1.9767891204215384e-05,0.0002076169725907,3.779819829951601e-06,8.38467197469526e-06,4.767561188000195e-06,0.0001356408917708,1.8038048044324337e-05,0.0045555585288361,1.651031161321517e-05,0.0001533228332781,0.0002267062672927,4.922534545071543e-05,1.3278484845432698e-05,0.9706381359372064,0.0238733448482451,0
